VFAT    Channel    Sbit    Cluster_Counts (1-7)    Clusters (Size, Address)

00  000  000  1001,0,0,0,0,0,0,  1,000  
00  001  000  1001,0,0,0,0,0,0,  1,000  
00  002  001  1001,0,0,0,0,0,0,  1,001  
00  003  001  1001,0,0,0,0,0,0,  1,001  
00  004  002  1001,0,0,0,0,0,0,  1,002  
00  005  002  1001,0,0,0,0,0,0,  1,002  
00  006  003  1001,0,0,0,0,0,0,  1,003  
00  007  003  1001,0,0,0,0,0,0,  1,003  
00  008  004  1001,0,0,0,0,0,0,  1,004  
00  009  004  1001,0,0,0,0,0,0,  1,004  
00  010  005  1001,0,0,0,0,0,0,  1,005  
00  011  005  1001,0,0,0,0,0,0,  1,005  
00  012  006  1001,0,0,0,0,0,0,  1,006  
00  013  006  1001,0,0,0,0,0,0,  1,006  
00  014  007  1001,0,0,0,0,0,0,  1,007  
00  015  007  1001,0,0,0,0,0,0,  1,007  
00  016  008  1001,0,0,0,0,0,0,  1,008  
00  017  008  1001,0,0,0,0,0,0,  1,008  
00  018  009  1001,0,0,0,0,0,0,  1,009  
00  019  009  1001,0,0,0,0,0,0,  1,009  
00  020  010  1001,0,0,0,0,0,0,  1,010  
00  021  010  1001,0,0,0,0,0,0,  1,010  
00  022  011  1001,0,0,0,0,0,0,  1,011  
00  023  011  1001,0,0,0,0,0,0,  1,011  
00  024  012  1001,0,0,0,0,0,0,  1,012  
00  025  012  1001,0,0,0,0,0,0,  1,012  
00  026  013  1001,0,0,0,0,0,0,  1,013  
00  027  013  1001,0,0,0,0,0,0,  1,013  
00  028  014  1001,0,0,0,0,0,0,  1,014  
00  029  014  1001,0,0,0,0,0,0,  1,014  
00  030  015  1001,0,0,0,0,0,0,  1,015  
00  031  015  1001,0,0,0,0,0,0,  1,015  
00  032  016  1001,0,0,0,0,0,0,  1,016  
00  033  016  1001,0,0,0,0,0,0,  1,016  
00  034  017  1001,0,0,0,0,0,0,  1,017  
00  035  017  1001,0,0,0,0,0,0,  1,017  
00  036  018  1001,0,0,0,0,0,0,  1,018  
00  037  018  1001,0,0,0,0,0,0,  1,018  
00  038  019  1001,0,0,0,0,0,0,  1,019  
00  039  019  1001,0,0,0,0,0,0,  1,019  
00  040  020  1001,0,0,0,0,0,0,  1,020  
00  041  020  1001,0,0,0,0,0,0,  1,020  
00  042  021  1001,0,0,0,0,0,0,  1,021  
00  043  021  1001,0,0,0,0,0,0,  1,021  
00  044  022  1001,0,0,0,0,0,0,  1,022  
00  045  022  1001,0,0,0,0,0,0,  1,022  
00  046  023  1001,0,0,0,0,0,0,  1,023  
00  047  023  1001,0,0,0,0,0,0,  1,023  
00  048  024  1001,0,0,0,0,0,0,  1,024  
00  049  024  1001,0,0,0,0,0,0,  1,024  
00  050  025  1001,0,0,0,0,0,0,  1,025  
00  051  025  1001,0,0,0,0,0,0,  1,025  
00  052  026  1001,0,0,0,0,0,0,  1,026  
00  053  026  1001,0,0,0,0,0,0,  1,026  
00  054  027  1001,0,0,0,0,0,0,  1,027  
00  055  027  1001,0,0,0,0,0,0,  1,027  
00  056  028  1001,0,0,0,0,0,0,  1,028  
00  057  028  1001,0,0,0,0,0,0,  1,028  
00  058  029  1001,0,0,0,0,0,0,  1,029  
00  059  029  1001,0,0,0,0,0,0,  1,029  
00  060  030  1001,0,0,0,0,0,0,  1,030  
00  061  030  1001,0,0,0,0,0,0,  1,030  
00  062  031  1001,0,0,0,0,0,0,  1,031  
00  063  031  1001,0,0,0,0,0,0,  1,031  
00  064  032  1001,0,0,0,0,0,0,  1,032  
00  065  032  1001,0,0,0,0,0,0,  1,032  
00  066  033  1001,0,0,0,0,0,0,  1,033  
00  067  033  1001,0,0,0,0,0,0,  1,033  
00  068  034  1001,0,0,0,0,0,0,  1,034  
00  069  034  1001,0,0,0,0,0,0,  1,034  
00  070  035  1001,0,0,0,0,0,0,  1,035  
00  071  035  1001,0,0,0,0,0,0,  1,035  
00  072  036  1001,0,0,0,0,0,0,  1,036  
00  073  036  1001,0,0,0,0,0,0,  1,036  
00  074  037  1001,0,0,0,0,0,0,  1,037  
00  075  037  1001,0,0,0,0,0,0,  1,037  
00  076  038  1001,0,0,0,0,0,0,  1,038  
00  077  038  1001,0,0,0,0,0,0,  1,038  
00  078  039  1001,0,0,0,0,0,0,  1,039  
00  079  039  1001,0,0,0,0,0,0,  1,039  
00  080  040  1001,0,0,0,0,0,0,  1,040  
00  081  040  1001,0,0,0,0,0,0,  1,040  
00  082  041  1001,0,0,0,0,0,0,  1,041  
00  083  041  1001,0,0,0,0,0,0,  1,041  
00  084  042  1001,0,0,0,0,0,0,  1,042  
00  085  042  1001,0,0,0,0,0,0,  1,042  
00  086  043  1001,0,0,0,0,0,0,  1,043  
00  087  043  1001,0,0,0,0,0,0,  1,043  
00  088  044  1001,0,0,0,0,0,0,  1,044  
00  089  044  1001,0,0,0,0,0,0,  1,044  
00  090  045  1001,0,0,0,0,0,0,  1,045  
00  091  045  1001,0,0,0,0,0,0,  1,045  
00  092  046  1001,0,0,0,0,0,0,  1,046  
00  093  046  1001,0,0,0,0,0,0,  1,046  
00  094  047  1001,0,0,0,0,0,0,  1,047  
00  095  047  1001,0,0,0,0,0,0,  1,047  
00  096  048  1001,0,0,0,0,0,0,  1,048  
00  097  048  1001,0,0,0,0,0,0,  1,048  
00  098  049  1001,0,0,0,0,0,0,  1,049  
00  099  049  1001,0,0,0,0,0,0,  1,049  
00  100  050  1001,0,0,0,0,0,0,  1,050  
00  101  050  1001,0,0,0,0,0,0,  1,050  
00  102  051  1001,0,0,0,0,0,0,  1,051  
00  103  051  1001,0,0,0,0,0,0,  1,051  
00  104  052  1001,0,0,0,0,0,0,  1,052  
00  105  052  1001,0,0,0,0,0,0,  1,052  
00  106  053  1001,0,0,0,0,0,0,  1,053  
00  107  053  1001,0,0,0,0,0,0,  1,053  
00  108  054  1001,0,0,0,0,0,0,  1,054  
00  109  054  1001,0,0,0,0,0,0,  1,054  
00  110  055  1001,0,0,0,0,0,0,  1,055  
00  111  055  1001,0,0,0,0,0,0,  1,055  
00  112  056  1001,0,0,0,0,0,0,  1,056  
00  113  056  1001,0,0,0,0,0,0,  1,056  
00  114  057  1001,0,0,0,0,0,0,  1,057  
00  115  057  1001,0,0,0,0,0,0,  1,057  
00  116  058  1001,0,0,0,0,0,0,  1,058  
00  117  058  1001,0,0,0,0,0,0,  1,058  
00  118  059  1001,0,0,0,0,0,0,  1,059  
00  119  059  1001,0,0,0,0,0,0,  1,059  
00  120  060  1001,0,0,0,0,0,0,  1,060  
00  121  060  1001,0,0,0,0,0,0,  1,060  
00  122  061  1001,0,0,0,0,0,0,  1,061  
00  123  061  1001,0,0,0,0,0,0,  1,061  
00  124  062  1001,0,0,0,0,0,0,  1,062  
00  125  062  1001,0,0,0,0,0,0,  1,062  
00  126  063  1001,0,0,0,0,0,0,  1,063  
00  127  063  1001,0,0,0,0,0,0,  1,063  
01  000  000  1001,0,0,0,0,0,0,  1,192  
01  001  000  1001,0,0,0,0,0,0,  1,192  
01  002  001  1001,0,0,0,0,0,0,  1,193  
01  003  001  1001,0,0,0,0,0,0,  1,193  
01  004  002  1001,0,0,0,0,0,0,  1,194  
01  005  002  1001,0,0,0,0,0,0,  1,194  
01  006  003  1001,0,0,0,0,0,0,  1,195  
01  007  003  1001,0,0,0,0,0,0,  1,195  
01  008  004  1001,0,0,0,0,0,0,  1,196  
01  009  004  1001,0,0,0,0,0,0,  1,196  
01  010  005  1001,0,0,0,0,0,0,  1,197  
01  011  005  1001,0,0,0,0,0,0,  1,197  
01  012  006  1001,0,0,0,0,0,0,  1,198  
01  013  006  1001,0,0,0,0,0,0,  1,198  
01  014  007  1001,0,0,0,0,0,0,  1,199  
01  015  007  1001,0,0,0,0,0,0,  1,199  
01  016  008  1001,0,0,0,0,0,0,  1,200  
01  017  008  1001,0,0,0,0,0,0,  1,200  
01  018  009  1001,0,0,0,0,0,0,  1,201  
01  019  009  1001,0,0,0,0,0,0,  1,201  
01  020  010  1001,0,0,0,0,0,0,  1,202  
01  021  010  1001,0,0,0,0,0,0,  1,202  
01  022  011  1001,0,0,0,0,0,0,  1,203  
01  023  011  1001,0,0,0,0,0,0,  1,203  
01  024  012  1001,0,0,0,0,0,0,  1,204  
01  025  012  1001,0,0,0,0,0,0,  1,204  
01  026  013  1001,0,0,0,0,0,0,  1,205  
01  027  013  1001,0,0,0,0,0,0,  1,205  
01  028  014  1001,0,0,0,0,0,0,  1,206  
01  029  014  1001,0,0,0,0,0,0,  1,206  
01  030  015  1001,0,0,0,0,0,0,  1,207  
01  031  015  1001,0,0,0,0,0,0,  1,207  
01  032  016  1001,0,0,0,0,0,0,  1,208  
01  033  016  1001,0,0,0,0,0,0,  1,208  
01  034  017  1001,0,0,0,0,0,0,  1,209  
01  035  017  1001,0,0,0,0,0,0,  1,209  
01  036  018  1001,0,0,0,0,0,0,  1,210  
01  037  018  1001,0,0,0,0,0,0,  1,210  
01  038  019  1001,0,0,0,0,0,0,  1,211  
01  039  019  1001,0,0,0,0,0,0,  1,211  
01  040  020  1001,0,0,0,0,0,0,  1,212  
01  041  020  1001,0,0,0,0,0,0,  1,212  
01  042  021  1001,0,0,0,0,0,0,  1,213  
01  043  021  1001,0,0,0,0,0,0,  1,213  
01  044  022  1001,0,0,0,0,0,0,  1,214  
01  045  022  1001,0,0,0,0,0,0,  1,214  
01  046  023  1001,0,0,0,0,0,0,  1,215  
01  047  023  1001,0,0,0,0,0,0,  1,215  
01  048  024  1001,0,0,0,0,0,0,  1,216  
01  049  024  1001,0,0,0,0,0,0,  1,216  
01  050  025  1001,0,0,0,0,0,0,  1,217  
01  051  025  1001,0,0,0,0,0,0,  1,217  
01  052  026  1001,0,0,0,0,0,0,  1,218  
01  053  026  1001,0,0,0,0,0,0,  1,218  
01  054  027  1001,0,0,0,0,0,0,  1,219  
01  055  027  1001,0,0,0,0,0,0,  1,219  
01  056  028  1001,0,0,0,0,0,0,  1,220  
01  057  028  1001,0,0,0,0,0,0,  1,220  
01  058  029  1001,0,0,0,0,0,0,  1,221  
01  059  029  1001,0,0,0,0,0,0,  1,221  
01  060  030  1001,0,0,0,0,0,0,  1,222  
01  061  030  1001,0,0,0,0,0,0,  1,222  
01  062  031  1001,0,0,0,0,0,0,  1,223  
01  063  031  1001,0,0,0,0,0,0,  1,223  
01  064  032  1001,0,0,0,0,0,0,  1,224  
01  065  032  1001,0,0,0,0,0,0,  1,224  
01  066  033  1001,0,0,0,0,0,0,  1,225  
01  067  033  1001,0,0,0,0,0,0,  1,225  
01  068  034  1001,0,0,0,0,0,0,  1,226  
01  069  034  1001,0,0,0,0,0,0,  1,226  
01  070  035  1001,0,0,0,0,0,0,  1,227  
01  071  035  1001,0,0,0,0,0,0,  1,227  
01  072  036  1001,0,0,0,0,0,0,  1,228  
01  073  036  1001,0,0,0,0,0,0,  1,228  
01  074  037  1001,0,0,0,0,0,0,  1,229  
01  075  037  1001,0,0,0,0,0,0,  1,229  
01  076  038  1001,0,0,0,0,0,0,  1,230  
01  077  038  1001,0,0,0,0,0,0,  1,230  
01  078  039  1001,0,0,0,0,0,0,  1,231  
01  079  039  1001,0,0,0,0,0,0,  1,231  
01  080  040  1001,0,0,0,0,0,0,  1,232  
01  081  040  1001,0,0,0,0,0,0,  1,232  
01  082  041  1001,0,0,0,0,0,0,  1,233  
01  083  041  1001,0,0,0,0,0,0,  1,233  
01  084  042  1001,0,0,0,0,0,0,  1,234  
01  085  042  1001,0,0,0,0,0,0,  1,234  
01  086  043  1001,0,0,0,0,0,0,  1,235  
01  087  043  1001,0,0,0,0,0,0,  1,235  
01  088  044  1001,0,0,0,0,0,0,  1,236  
01  089  044  1001,0,0,0,0,0,0,  1,236  
01  090  045  1001,0,0,0,0,0,0,  1,237  
01  091  045  1001,0,0,0,0,0,0,  1,237  
01  092  046  1001,0,0,0,0,0,0,  1,238  
01  093  046  1001,0,0,0,0,0,0,  1,238  
01  094  047  1001,0,0,0,0,0,0,  1,239  
01  095  047  1001,0,0,0,0,0,0,  1,239  
01  096  048  1001,0,0,0,0,0,0,  1,240  
01  097  048  1001,0,0,0,0,0,0,  1,240  
01  098  049  1001,0,0,0,0,0,0,  1,241  
01  099  049  1001,0,0,0,0,0,0,  1,241  
01  100  050  1001,0,0,0,0,0,0,  1,242  
01  101  050  1001,0,0,0,0,0,0,  1,242  
01  102  051  1001,0,0,0,0,0,0,  1,243  
01  103  051  1001,0,0,0,0,0,0,  1,243  
01  104  052  1001,0,0,0,0,0,0,  1,244  
01  105  052  1001,0,0,0,0,0,0,  1,244  
01  106  053  1001,0,0,0,0,0,0,  1,245  
01  107  053  1001,0,0,0,0,0,0,  1,245  
01  108  054  1001,0,0,0,0,0,0,  1,246  
01  109  054  1001,0,0,0,0,0,0,  1,246  
01  110  055  1001,0,0,0,0,0,0,  1,247  
01  111  055  1001,0,0,0,0,0,0,  1,247  
01  112  056  1001,0,0,0,0,0,0,  1,248  
01  113  056  1001,0,0,0,0,0,0,  1,248  
01  114  057  1001,0,0,0,0,0,0,  1,249  
01  115  057  1001,0,0,0,0,0,0,  1,249  
01  116  058  1001,0,0,0,0,0,0,  1,250  
01  117  058  1001,0,0,0,0,0,0,  1,250  
01  118  059  1001,0,0,0,0,0,0,  1,251  
01  119  059  1001,0,0,0,0,0,0,  1,251  
01  120  060  1001,0,0,0,0,0,0,  1,252  
01  121  060  1001,0,0,0,0,0,0,  1,252  
01  122  061  1001,0,0,0,0,0,0,  1,253  
01  123  061  1001,0,0,0,0,0,0,  1,253  
01  124  062  1001,0,0,0,0,0,0,  1,254  
01  125  062  1001,0,0,0,0,0,0,  1,254  
01  126  063  1001,0,0,0,0,0,0,  1,255
01  127  063  1001,0,0,0,0,0,0,  1,255
02  000  000  1001,0,0,0,0,0,0,  1,384  
02  001  000  1001,0,0,0,0,0,0,  1,384  
02  002  001  1001,0,0,0,0,0,0,  1,385  
02  003  001  1001,0,0,0,0,0,0,  1,385  
02  004  002  1001,0,0,0,0,0,0,  1,386  
02  005  002  1001,0,0,0,0,0,0,  1,386  
02  006  003  1001,0,0,0,0,0,0,  1,387  
02  007  003  1001,0,0,0,0,0,0,  1,387  
02  008  004  1001,0,0,0,0,0,0,  1,388  
02  009  004  1001,0,0,0,0,0,0,  1,388  
02  010  005  1001,0,0,0,0,0,0,  1,389  
02  011  005  1001,0,0,0,0,0,0,  1,389  
02  012  006  1001,0,0,0,0,0,0,  1,390  
02  013  006  1001,0,0,0,0,0,0,  1,390  
02  014  007  1001,0,0,0,0,0,0,  1,391  
02  015  007  1001,0,0,0,0,0,0,  1,391  
02  016  008  1001,0,0,0,0,0,0,  1,392  
02  017  008  1001,0,0,0,0,0,0,  1,392  
02  018  009  1001,0,0,0,0,0,0,  1,393  
02  019  009  1001,0,0,0,0,0,0,  1,393  
02  020  010  1001,0,0,0,0,0,0,  1,394  
02  021  010  1001,0,0,0,0,0,0,  1,394  
02  022  011  1001,0,0,0,0,0,0,  1,395  
02  023  011  1001,0,0,0,0,0,0,  1,395  
02  024  012  1001,0,0,0,0,0,0,  1,396  
02  025  012  1001,0,0,0,0,0,0,  1,396  
02  026  013  1001,0,0,0,0,0,0,  1,397  
02  027  013  1001,0,0,0,0,0,0,  1,397  
02  028  014  1001,0,0,0,0,0,0,  1,398  
02  029  014  1001,0,0,0,0,0,0,  1,398  
02  030  015  1001,0,0,0,0,0,0,  1,399  
02  031  015  1001,0,0,0,0,0,0,  1,399  
02  032  016  1001,0,0,0,0,0,0,  1,400  
02  033  016  1001,0,0,0,0,0,0,  1,400  
02  034  017  1001,0,0,0,0,0,0,  1,401  
02  035  017  1001,0,0,0,0,0,0,  1,401  
02  036  018  1001,0,0,0,0,0,0,  1,402  
02  037  018  1001,0,0,0,0,0,0,  1,402  
02  038  019  1001,0,0,0,0,0,0,  1,403  
02  039  019  1001,0,0,0,0,0,0,  1,403  
02  040  020  1001,0,0,0,0,0,0,  1,404  
02  041  020  1001,0,0,0,0,0,0,  1,404  
02  042  021  1001,0,0,0,0,0,0,  1,405  
02  043  021  1001,0,0,0,0,0,0,  1,405  
02  044  022  1001,0,0,0,0,0,0,  1,406  
02  045  022  1001,0,0,0,0,0,0,  1,406  
02  046  023  1001,0,0,0,0,0,0,  1,407  
02  047  023  1001,0,0,0,0,0,0,  1,407  
02  048  024  1001,0,0,0,0,0,0,  1,408  
02  049  024  1001,0,0,0,0,0,0,  1,408  
02  050  025  1001,0,0,0,0,0,0,  1,409  
02  051  025  1001,0,0,0,0,0,0,  1,409  
02  052  026  1001,0,0,0,0,0,0,  1,410  
02  053  026  1001,0,0,0,0,0,0,  1,410  
02  054  027  1001,0,0,0,0,0,0,  1,411  
02  055  027  1001,0,0,0,0,0,0,  1,411  
02  056  028  1001,0,0,0,0,0,0,  1,412  
02  057  028  1001,0,0,0,0,0,0,  1,412  
02  058  029  1001,0,0,0,0,0,0,  1,413  
02  059  029  1001,0,0,0,0,0,0,  1,413  
02  060  030  1001,0,0,0,0,0,0,  1,414  
02  061  030  1001,0,0,0,0,0,0,  1,414  
02  062  031  1001,0,0,0,0,0,0,  1,415  
02  063  031  1001,0,0,0,0,0,0,  1,415  
02  064  032  1001,0,0,0,0,0,0,  1,416  
02  065  032  1001,0,0,0,0,0,0,  1,416  
02  066  033  1001,0,0,0,0,0,0,  1,417  
02  067  033  1001,0,0,0,0,0,0,  1,417  
02  068  034  1001,0,0,0,0,0,0,  1,418  
02  069  034  1001,0,0,0,0,0,0,  1,418  
02  070  035  1001,0,0,0,0,0,0,  1,419  
02  071  035  1001,0,0,0,0,0,0,  1,419  
02  072  036  1001,0,0,0,0,0,0,  1,420  
02  073  036  1001,0,0,0,0,0,0,  1,420  
02  074  037  1001,0,0,0,0,0,0,  1,421  
02  075  037  1001,0,0,0,0,0,0,  1,421  
02  076  038  1001,0,0,0,0,0,0,  1,422  
02  077  038  1001,0,0,0,0,0,0,  1,422  
02  078  039  1001,0,0,0,0,0,0,  1,423  
02  079  039  1001,0,0,0,0,0,0,  1,423  
02  080  040  1001,0,0,0,0,0,0,  1,424  
02  081  040  1001,0,0,0,0,0,0,  1,424  
02  082  041  1001,0,0,0,0,0,0,  1,425  
02  083  041  1001,0,0,0,0,0,0,  1,425  
02  084  042  1001,0,0,0,0,0,0,  1,426  
02  085  042  1001,0,0,0,0,0,0,  1,426  
02  086  043  1001,0,0,0,0,0,0,  1,427  
02  087  043  1001,0,0,0,0,0,0,  1,427  
02  088  044  1001,0,0,0,0,0,0,  1,428  
02  089  044  1001,0,0,0,0,0,0,  1,428  
02  090  045  1001,0,0,0,0,0,0,  1,429  
02  091  045  1001,0,0,0,0,0,0,  1,429  
02  092  046  1001,0,0,0,0,0,0,  1,430  
02  093  046  1001,0,0,0,0,0,0,  1,430  
02  094  047  1001,0,0,0,0,0,0,  1,431  
02  095  047  1001,0,0,0,0,0,0,  1,431  
02  096  048  1001,0,0,0,0,0,0,  1,432  
02  097  048  1001,0,0,0,0,0,0,  1,432  
02  098  049  1001,0,0,0,0,0,0,  1,433  
02  099  049  1001,0,0,0,0,0,0,  1,433  
02  100  050  1001,0,0,0,0,0,0,  1,434  
02  101  050  1001,0,0,0,0,0,0,  1,434  
02  102  051  1001,0,0,0,0,0,0,  1,435  
02  103  051  1001,0,0,0,0,0,0,  1,435  
02  104  052  1001,0,0,0,0,0,0,  1,436  
02  105  052  1001,0,0,0,0,0,0,  1,436  
02  106  053  1001,0,0,0,0,0,0,  1,437  
02  107  053  1001,0,0,0,0,0,0,  1,437  
02  108  054  1001,0,0,0,0,0,0,  1,438  
02  109  054  1001,0,0,0,0,0,0,  1,438  
02  110  055  1001,0,0,0,0,0,0,  1,439  
02  111  055  1001,0,0,0,0,0,0,  1,439  
02  112  056  1001,0,0,0,0,0,0,  1,440  
02  113  056  1001,0,0,0,0,0,0,  1,440  
02  114  057  1001,0,0,0,0,0,0,  1,441  
02  115  057  1001,0,0,0,0,0,0,  1,441  
02  116  058  1001,0,0,0,0,0,0,  1,442  
02  117  058  1001,0,0,0,0,0,0,  1,442  
02  118  059  1001,0,0,0,0,0,0,  1,443  
02  119  059  1001,0,0,0,0,0,0,  1,443  
02  120  060  1001,0,0,0,0,0,0,  1,444  
02  121  060  1001,0,0,0,0,0,0,  1,444  
02  122  061  1001,0,0,0,0,0,0,  1,445  
02  123  061  1001,0,0,0,0,0,0,  1,445  
02  124  062  1001,0,0,0,0,0,0,  1,446  
02  125  062  1001,0,0,0,0,0,0,  1,446  
02  126  063  1001,0,0,0,0,0,0,  1,447  
02  127  063  1001,0,0,0,0,0,0,  1,447  
03  000  000  1001,0,0,0,0,0,0,  1,576  
03  001  000  1001,0,0,0,0,0,0,  1,576  
03  002  001  1001,0,0,0,0,0,0,  1,577  
03  003  001  1001,0,0,0,0,0,0,  1,577  
03  004  002  1001,0,0,0,0,0,0,  1,578  
03  005  002  1001,0,0,0,0,0,0,  1,578  
03  006  003  1001,0,0,0,0,0,0,  1,579  
03  007  003  1001,0,0,0,0,0,0,  1,579  
03  008  004  1001,0,0,0,0,0,0,  1,580  
03  009  004  1001,0,0,0,0,0,0,  1,580  
03  010  005  1001,0,0,0,0,0,0,  1,581  
03  011  005  1001,0,0,0,0,0,0,  1,581  
03  012  006  1001,0,0,0,0,0,0,  1,582  
03  013  006  1001,0,0,0,0,0,0,  1,582  
03  014  007  1001,0,0,0,0,0,0,  1,583  
03  015  007  1001,0,0,0,0,0,0,  1,583  
03  016  008  1001,0,0,0,0,0,0,  1,584  
03  017  008  1001,0,0,0,0,0,0,  1,584  
03  018  009  1001,0,0,0,0,0,0,  1,585  
03  019  009  1001,0,0,0,0,0,0,  1,585  
03  020  010  1001,0,0,0,0,0,0,  1,586  
03  021  010  1001,0,0,0,0,0,0,  1,586  
03  022  011  1001,0,0,0,0,0,0,  1,587  
03  023  011  1001,0,0,0,0,0,0,  1,587  
03  024  012  1001,0,0,0,0,0,0,  1,588  
03  025  012  1001,0,0,0,0,0,0,  1,588  
03  026  013  1001,0,0,0,0,0,0,  1,589  
03  027  013  1001,0,0,0,0,0,0,  1,589  
03  028  014  1001,0,0,0,0,0,0,  1,590  
03  029  014  1001,0,0,0,0,0,0,  1,590  
03  030  015  1001,0,0,0,0,0,0,  1,591  
03  031  015  1001,0,0,0,0,0,0,  1,591  
03  032  016  1001,0,0,0,0,0,0,  1,592  
03  033  016  1001,0,0,0,0,0,0,  1,592  
03  034  017  1001,0,0,0,0,0,0,  1,593  
03  035  017  1001,0,0,0,0,0,0,  1,593  
03  036  018  1001,0,0,0,0,0,0,  1,594  
03  037  018  1001,0,0,0,0,0,0,  1,594  
03  038  019  1001,0,0,0,0,0,0,  1,595  
03  039  019  1001,0,0,0,0,0,0,  1,595  
03  040  020  1001,0,0,0,0,0,0,  1,596  
03  041  020  1001,0,0,0,0,0,0,  1,596  
03  042  021  1001,0,0,0,0,0,0,  1,597  
03  043  021  1001,0,0,0,0,0,0,  1,597  
03  044  022  1001,0,0,0,0,0,0,  1,598  
03  045  022  1001,0,0,0,0,0,0,  1,598  
03  046  023  1001,0,0,0,0,0,0,  1,599  
03  047  023  1001,0,0,0,0,0,0,  1,599  
03  048  024  1001,0,0,0,0,0,0,  1,600  
03  049  024  1001,0,0,0,0,0,0,  1,600  
03  050  025  1001,0,0,0,0,0,0,  1,601  
03  051  025  1001,0,0,0,0,0,0,  1,601  
03  052  026  1001,0,0,0,0,0,0,  1,602  
03  053  026  1001,0,0,0,0,0,0,  1,602  
03  054  027  1001,0,0,0,0,0,0,  1,603  
03  055  027  1001,0,0,0,0,0,0,  1,603  
03  056  028  1001,0,0,0,0,0,0,  1,604  
03  057  028  1001,0,0,0,0,0,0,  1,604  
03  058  029  1001,0,0,0,0,0,0,  1,605  
03  059  029  1001,0,0,0,0,0,0,  1,605  
03  060  030  1001,0,0,0,0,0,0,  1,606  
03  061  030  1001,0,0,0,0,0,0,  1,606  
03  062  031  1001,0,0,0,0,0,0,  1,607  
03  063  031  1001,0,0,0,0,0,0,  1,607  
03  064  032  1001,0,0,0,0,0,0,  1,608  
03  065  032  1001,0,0,0,0,0,0,  1,608  
03  066  033  1001,0,0,0,0,0,0,  1,609  
03  067  033  1001,0,0,0,0,0,0,  1,609  
03  068  034  1001,0,0,0,0,0,0,  1,610  
03  069  034  1001,0,0,0,0,0,0,  1,610  
03  070  035  1001,0,0,0,0,0,0,  1,611  
03  071  035  1001,0,0,0,0,0,0,  1,611  
03  072  036  1001,0,0,0,0,0,0,  1,612  
03  073  036  1001,0,0,0,0,0,0,  1,612  
03  074  037  1001,0,0,0,0,0,0,  1,613  
03  075  037  1001,0,0,0,0,0,0,  1,613  
03  076  038  1001,0,0,0,0,0,0,  1,614  
03  077  038  1001,0,0,0,0,0,0,  1,614  
03  078  039  1001,0,0,0,0,0,0,  1,615  
03  079  039  1001,0,0,0,0,0,0,  1,615  
03  080  040  1001,0,0,0,0,0,0,  1,616  
03  081  040  1001,0,0,0,0,0,0,  1,616  
03  082  041  1001,0,0,0,0,0,0,  1,617  
03  083  041  1001,0,0,0,0,0,0,  1,617  
03  084  042  1001,0,0,0,0,0,0,  1,618  
03  085  042  1001,0,0,0,0,0,0,  1,618  
03  086  043  1001,0,0,0,0,0,0,  1,619  
03  087  043  1001,0,0,0,0,0,0,  1,619  
03  088  044  1001,0,0,0,0,0,0,  1,620  
03  089  044  1001,0,0,0,0,0,0,  1,620  
03  090  045  1001,0,0,0,0,0,0,  1,621  
03  091  045  1001,0,0,0,0,0,0,  1,621  
03  092  046  1001,0,0,0,0,0,0,  1,622  
03  093  046  1001,0,0,0,0,0,0,  1,622  
03  094  047  1001,0,0,0,0,0,0,  1,623  
03  095  047  1001,0,0,0,0,0,0,  1,623  
03  096  048  1001,0,0,0,0,0,0,  1,624  
03  097  048  1001,0,0,0,0,0,0,  1,624  
03  098  049  1001,0,0,0,0,0,0,  1,625  
03  099  049  1001,0,0,0,0,0,0,  1,625  
03  100  050  1001,0,0,0,0,0,0,  1,626  
03  101  050  1001,0,0,0,0,0,0,  1,626  
03  102  051  1001,0,0,0,0,0,0,  1,627  
03  103  051  1001,0,0,0,0,0,0,  1,627  
03  104  052  1001,0,0,0,0,0,0,  1,628  
03  105  052  1001,0,0,0,0,0,0,  1,628  
03  106  053  1001,0,0,0,0,0,0,  1,629  
03  107  053  1001,0,0,0,0,0,0,  1,629  
03  108  054  1001,0,0,0,0,0,0,  1,630  
03  109  054  1001,0,0,0,0,0,0,  1,630  
03  110  055  1001,0,0,0,0,0,0,  1,631  
03  111  055  1001,0,0,0,0,0,0,  1,631  
03  112  056  1001,0,0,0,0,0,0,  1,632  
03  113  056  1001,0,0,0,0,0,0,  1,632  
03  114  057  1001,0,0,0,0,0,0,  1,633  
03  115  057  1001,0,0,0,0,0,0,  1,633  
03  116  058  1001,0,0,0,0,0,0,  1,634  
03  117  058  1001,0,0,0,0,0,0,  1,634  
03  118  059  1001,0,0,0,0,0,0,  1,635  
03  119  059  1001,0,0,0,0,0,0,  1,635  
03  120  060  1001,0,0,0,0,0,0,  1,636  
03  121  060  1001,0,0,0,0,0,0,  1,636  
03  122  061  1001,0,0,0,0,0,0,  1,637  
03  123  061  1001,0,0,0,0,0,0,  1,637  
03  124  062  1001,0,0,0,0,0,0,  1,638  
03  125  062  1001,0,0,0,0,0,0,  1,638  
03  126  063  1001,0,0,0,0,0,0,  1,639  
03  127  063  1001,0,0,0,0,0,0,  1,639  
08  000  000  1001,0,0,0,0,0,0,  1,064  
08  001  000  1001,0,0,0,0,0,0,  1,064  
08  002  001  1001,0,0,0,0,0,0,  1,065  
08  003  001  1001,0,0,0,0,0,0,  1,065  
08  004  002  1001,0,0,0,0,0,0,  1,066  
08  005  002  1001,0,0,0,0,0,0,  1,066  
08  006  003  1001,0,0,0,0,0,0,  1,067  
08  007  003  1001,0,0,0,0,0,0,  1,067  
08  008  004  1001,0,0,0,0,0,0,  1,068  
08  009  004  1001,0,0,0,0,0,0,  1,068  
08  010  005  1001,0,0,0,0,0,0,  1,069  
08  011  005  1001,0,0,0,0,0,0,  1,069  
08  012  006  1001,0,0,0,0,0,0,  1,070  
08  013  006  1001,0,0,0,0,0,0,  1,070  
08  014  007  1001,0,0,0,0,0,0,  1,071  
08  015  007  1001,0,0,0,0,0,0,  1,071  
08  016  008  1001,0,0,0,0,0,0,  1,072  
08  017  008  1001,0,0,0,0,0,0,  1,072  
08  018  009  1001,0,0,0,0,0,0,  1,073  
08  019  009  1001,0,0,0,0,0,0,  1,073  
08  020  010  1001,0,0,0,0,0,0,  1,074  
08  021  010  1001,0,0,0,0,0,0,  1,074  
08  022  011  1001,0,0,0,0,0,0,  1,075  
08  023  011  1001,0,0,0,0,0,0,  1,075  
08  024  012  1001,0,0,0,0,0,0,  1,076  
08  025  012  1001,0,0,0,0,0,0,  1,076  
08  026  013  1001,0,0,0,0,0,0,  1,077  
08  027  013  1001,0,0,0,0,0,0,  1,077  
08  028  014  1001,0,0,0,0,0,0,  1,078  
08  029  014  1001,0,0,0,0,0,0,  1,078  
08  030  015  1001,0,0,0,0,0,0,  1,079  
08  031  015  1001,0,0,0,0,0,0,  1,079  
08  032  016  1001,0,0,0,0,0,0,  1,080  
08  033  016  1001,0,0,0,0,0,0,  1,080  
08  034  017  1001,0,0,0,0,0,0,  1,081  
08  035  017  1001,0,0,0,0,0,0,  1,081  
08  036  018  1001,0,0,0,0,0,0,  1,082  
08  037  018  1001,0,0,0,0,0,0,  1,082  
08  038  019  1001,0,0,0,0,0,0,  1,083  
08  039  019  1001,0,0,0,0,0,0,  1,083  
08  040  020  1001,0,0,0,0,0,0,  1,084  
08  041  020  1001,0,0,0,0,0,0,  1,084  
08  042  021  1001,0,0,0,0,0,0,  1,085  
08  043  021  1001,0,0,0,0,0,0,  1,085  
08  044  022  1001,0,0,0,0,0,0,  1,086  
08  045  022  1001,0,0,0,0,0,0,  1,086  
08  046  023  1001,0,0,0,0,0,0,  1,087  
08  047  023  1001,0,0,0,0,0,0,  1,087  
08  048  024  1001,0,0,0,0,0,0,  1,088  
08  049  024  1001,0,0,0,0,0,0,  1,088  
08  050  025  1001,0,0,0,0,0,0,  1,089  
08  051  025  1001,0,0,0,0,0,0,  1,089  
08  052  026  1001,0,0,0,0,0,0,  1,090  
08  053  026  1001,0,0,0,0,0,0,  1,090  
08  054  027  1001,0,0,0,0,0,0,  1,091  
08  055  027  1001,0,0,0,0,0,0,  1,091  
08  056  028  1001,0,0,0,0,0,0,  1,092  
08  057  028  1001,0,0,0,0,0,0,  1,092  
08  058  029  1001,0,0,0,0,0,0,  1,093  
08  059  029  1001,0,0,0,0,0,0,  1,093  
08  060  030  1001,0,0,0,0,0,0,  1,094  
08  061  030  1001,0,0,0,0,0,0,  1,094  
08  062  031  1001,0,0,0,0,0,0,  1,095  
08  063  031  1001,0,0,0,0,0,0,  1,095  
08  064  032  1001,0,0,0,0,0,0,  1,096  
08  065  032  1001,0,0,0,0,0,0,  1,096  
08  066  033  1001,0,0,0,0,0,0,  1,097  
08  067  033  1001,0,0,0,0,0,0,  1,097  
08  068  034  1001,0,0,0,0,0,0,  1,098  
08  069  034  1001,0,0,0,0,0,0,  1,098  
08  070  035  1001,0,0,0,0,0,0,  1,099  
08  071  035  1001,0,0,0,0,0,0,  1,099  
08  072  036  1001,0,0,0,0,0,0,  1,100  
08  073  036  1001,0,0,0,0,0,0,  1,100  
08  074  037  1001,0,0,0,0,0,0,  1,101  
08  075  037  1001,0,0,0,0,0,0,  1,101  
08  076  038  1001,0,0,0,0,0,0,  1,102  
08  077  038  1001,0,0,0,0,0,0,  1,102  
08  078  039  1001,0,0,0,0,0,0,  1,103  
08  079  039  1001,0,0,0,0,0,0,  1,103  
08  080  040  1001,0,0,0,0,0,0,  1,104  
08  081  040  1001,0,0,0,0,0,0,  1,104  
08  082  041  1001,0,0,0,0,0,0,  1,105  
08  083  041  1001,0,0,0,0,0,0,  1,105  
08  084  042  1001,0,0,0,0,0,0,  1,106  
08  085  042  1001,0,0,0,0,0,0,  1,106  
08  086  043  1001,0,0,0,0,0,0,  1,107  
08  087  043  1001,0,0,0,0,0,0,  1,107  
08  088  044  1001,0,0,0,0,0,0,  1,108  
08  089  044  1001,0,0,0,0,0,0,  1,108  
08  090  045  1001,0,0,0,0,0,0,  1,109  
08  091  045  1001,0,0,0,0,0,0,  1,109  
08  092  046  1001,0,0,0,0,0,0,  1,110  
08  093  046  1001,0,0,0,0,0,0,  1,110  
08  094  047  1001,0,0,0,0,0,0,  1,111  
08  095  047  1001,0,0,0,0,0,0,  1,111  
08  096  048  1001,0,0,0,0,0,0,  1,112  
08  097  048  1001,0,0,0,0,0,0,  1,112  
08  098  049  1001,0,0,0,0,0,0,  1,113  
08  099  049  1001,0,0,0,0,0,0,  1,113  
08  100  050  1001,0,0,0,0,0,0,  1,114  
08  101  050  1001,0,0,0,0,0,0,  1,114  
08  102  051  1001,0,0,0,0,0,0,  1,115  
08  103  051  1001,0,0,0,0,0,0,  1,115  
08  104  052  1001,0,0,0,0,0,0,  1,116  
08  105  052  1001,0,0,0,0,0,0,  1,116  
08  106  053  1001,0,0,0,0,0,0,  1,117  
08  107  053  1001,0,0,0,0,0,0,  1,117  
08  108  054  1001,0,0,0,0,0,0,  1,118  
08  109  054  1001,0,0,0,0,0,0,  1,118  
08  110  055  1001,0,0,0,0,0,0,  1,119  
08  111  055  1001,0,0,0,0,0,0,  1,119  
08  112  056  1001,0,0,0,0,0,0,  1,120  
08  113  056  1001,0,0,0,0,0,0,  1,120  
08  114  057  1001,0,0,0,0,0,0,  1,121  
08  115  057  1001,0,0,0,0,0,0,  1,121  
08  116  058  1001,0,0,0,0,0,0,  1,122  
08  117  058  1001,0,0,0,0,0,0,  1,122  
08  118  059  1001,0,0,0,0,0,0,  1,123  
08  119  059  1001,0,0,0,0,0,0,  1,123  
08  120  060  1001,0,0,0,0,0,0,  1,124  
08  121  060  1001,0,0,0,0,0,0,  1,124  
08  122  061  1001,0,0,0,0,0,0,  1,125  
08  123  061  1001,0,0,0,0,0,0,  1,125  
08  124  062  1001,0,0,0,0,0,0,  1,126  
08  125  062  1001,0,0,0,0,0,0,  1,126  
08  126  063  1001,0,0,0,0,0,0,  1,127  
08  127  063  1001,0,0,0,0,0,0,  1,127  
09  000  000  1001,0,0,0,0,0,0,  1,256  
09  001  000  1001,0,0,0,0,0,0,  1,256  
09  002  001  1001,0,0,0,0,0,0,  1,257  
09  003  001  1001,0,0,0,0,0,0,  1,257  
09  004  002  1001,0,0,0,0,0,0,  1,258  
09  005  002  1001,0,0,0,0,0,0,  1,258  
09  006  003  1001,0,0,0,0,0,0,  1,259  
09  007  003  1001,0,0,0,0,0,0,  1,259  
09  008  004  1001,0,0,0,0,0,0,  1,260  
09  009  004  1001,0,0,0,0,0,0,  1,260  
09  010  005  1001,0,0,0,0,0,0,  1,261  
09  011  005  1001,0,0,0,0,0,0,  1,261  
09  012  006  1001,0,0,0,0,0,0,  1,262  
09  013  006  1001,0,0,0,0,0,0,  1,262  
09  014  007  1001,0,0,0,0,0,0,  1,263  
09  015  007  1001,0,0,0,0,0,0,  1,263  
09  016  008  1001,0,0,0,0,0,0,  1,264  
09  017  008  1001,0,0,0,0,0,0,  1,264  
09  018  009  1001,0,0,0,0,0,0,  1,265  
09  019  009  1001,0,0,0,0,0,0,  1,265  
09  020  010  1001,0,0,0,0,0,0,  1,266  
09  021  010  1001,0,0,0,0,0,0,  1,266  
09  022  011  1001,0,0,0,0,0,0,  1,267  
09  023  011  1001,0,0,0,0,0,0,  1,267  
09  024  012  1001,0,0,0,0,0,0,  1,268  
09  025  012  1001,0,0,0,0,0,0,  1,268  
09  026  013  1001,0,0,0,0,0,0,  1,269  
09  027  013  1001,0,0,0,0,0,0,  1,269  
09  028  014  1001,0,0,0,0,0,0,  1,270  
09  029  014  1001,0,0,0,0,0,0,  1,270  
09  030  015  1001,0,0,0,0,0,0,  1,271  
09  031  015  1001,0,0,0,0,0,0,  1,271  
09  032  016  1001,0,0,0,0,0,0,  1,272  
09  033  016  1001,0,0,0,0,0,0,  1,272  
09  034  017  1001,0,0,0,0,0,0,  1,273  
09  035  017  1001,0,0,0,0,0,0,  1,273  
09  036  018  1001,0,0,0,0,0,0,  1,274  
09  037  018  1001,0,0,0,0,0,0,  1,274  
09  038  019  1001,0,0,0,0,0,0,  1,275  
09  039  019  1001,0,0,0,0,0,0,  1,275  
09  040  020  1001,0,0,0,0,0,0,  1,276  
09  041  020  1001,0,0,0,0,0,0,  1,276  
09  042  021  1001,0,0,0,0,0,0,  1,277  
09  043  021  1001,0,0,0,0,0,0,  1,277  
09  044  022  1001,0,0,0,0,0,0,  1,278  
09  045  022  1001,0,0,0,0,0,0,  1,278  
09  046  023  1001,0,0,0,0,0,0,  1,279  
09  047  023  1001,0,0,0,0,0,0,  1,279  
09  048  024  1001,0,0,0,0,0,0,  1,280  
09  049  024  1001,0,0,0,0,0,0,  1,280  
09  050  025  1001,0,0,0,0,0,0,  1,281  
09  051  025  1001,0,0,0,0,0,0,  1,281  
09  052  026  1001,0,0,0,0,0,0,  1,282  
09  053  026  1001,0,0,0,0,0,0,  1,282  
09  054  027  1001,0,0,0,0,0,0,  1,283  
09  055  027  1001,0,0,0,0,0,0,  1,283  
09  056  028  1001,0,0,0,0,0,0,  1,284  
09  057  028  1001,0,0,0,0,0,0,  1,284  
09  058  029  1001,0,0,0,0,0,0,  1,285  
09  059  029  1001,0,0,0,0,0,0,  1,285  
09  060  030  1001,0,0,0,0,0,0,  1,286  
09  061  030  1001,0,0,0,0,0,0,  1,286  
09  062  031  1001,0,0,0,0,0,0,  1,287  
09  063  031  1001,0,0,0,0,0,0,  1,287  
09  064  032  1001,0,0,0,0,0,0,  1,288  
09  065  032  1001,0,0,0,0,0,0,  1,288  
09  066  033  1001,0,0,0,0,0,0,  1,289  
09  067  033  1001,0,0,0,0,0,0,  1,289  
09  068  034  1001,0,0,0,0,0,0,  1,290  
09  069  034  1001,0,0,0,0,0,0,  1,290  
09  070  035  1001,0,0,0,0,0,0,  1,291  
09  071  035  1001,0,0,0,0,0,0,  1,291  
09  072  036  1001,0,0,0,0,0,0,  1,292  
09  073  036  1001,0,0,0,0,0,0,  1,292  
09  074  037  1001,0,0,0,0,0,0,  1,293  
09  075  037  1001,0,0,0,0,0,0,  1,293  
09  076  038  1001,0,0,0,0,0,0,  1,294  
09  077  038  1001,0,0,0,0,0,0,  1,294  
09  078  039  1001,0,0,0,0,0,0,  1,295  
09  079  039  1001,0,0,0,0,0,0,  1,295  
09  080  040  1001,0,0,0,0,0,0,  1,296  
09  081  040  1001,0,0,0,0,0,0,  1,296  
09  082  041  1001,0,0,0,0,0,0,  1,297  
09  083  041  1001,0,0,0,0,0,0,  1,297  
09  084  042  1001,0,0,0,0,0,0,  1,298  
09  085  042  1001,0,0,0,0,0,0,  1,298  
09  086  043  1001,0,0,0,0,0,0,  1,299  
09  087  043  1001,0,0,0,0,0,0,  1,299  
09  088  044  1001,0,0,0,0,0,0,  1,300  
09  089  044  1001,0,0,0,0,0,0,  1,300  
09  090  045  1001,0,0,0,0,0,0,  1,301  
09  091  045  1001,0,0,0,0,0,0,  1,301  
09  092  046  1001,0,0,0,0,0,0,  1,302  
09  093  046  1001,0,0,0,0,0,0,  1,302  
09  094  047  1001,0,0,0,0,0,0,  1,303  
09  095  047  1001,0,0,0,0,0,0,  1,303  
09  096  048  1001,0,0,0,0,0,0,  1,304  
09  097  048  1001,0,0,0,0,0,0,  1,304  
09  098  049  1001,0,0,0,0,0,0,  1,305  
09  099  049  1001,0,0,0,0,0,0,  1,305  
09  100  050  1001,0,0,0,0,0,0,  1,306  
09  101  050  1001,0,0,0,0,0,0,  1,306  
09  102  051  1001,0,0,0,0,0,0,  1,307  
09  103  051  1001,0,0,0,0,0,0,  1,307  
09  104  052  1001,0,0,0,0,0,0,  1,308  
09  105  052  1001,0,0,0,0,0,0,  1,308  
09  106  053  1001,0,0,0,0,0,0,  1,309  
09  107  053  1001,0,0,0,0,0,0,  1,309  
09  108  054  1001,0,0,0,0,0,0,  1,310  
09  109  054  1001,0,0,0,0,0,0,  1,310  
09  110  055  1001,0,0,0,0,0,0,  1,311  
09  111  055  1001,0,0,0,0,0,0,  1,311  
09  112  056  1001,0,0,0,0,0,0,  1,312  
09  113  056  1001,0,0,0,0,0,0,  1,312  
09  114  057  1001,0,0,0,0,0,0,  1,313  
09  115  057  1001,0,0,0,0,0,0,  1,313  
09  116  058  1001,0,0,0,0,0,0,  1,314  
09  117  058  1001,0,0,0,0,0,0,  1,314  
09  118  059  1001,0,0,0,0,0,0,  1,315  
09  119  059  1001,0,0,0,0,0,0,  1,315  
09  120  060  1001,0,0,0,0,0,0,  1,316  
09  121  060  1001,0,0,0,0,0,0,  1,316  
09  122  061  1001,0,0,0,0,0,0,  1,317  
09  123  061  1001,0,0,0,0,0,0,  1,317  
09  124  062  1001,0,0,0,0,0,0,  1,318  
09  125  062  1001,0,0,0,0,0,0,  1,318  
09  126  063  1001,0,0,0,0,0,0,  1,319  
09  127  063  1001,0,0,0,0,0,0,  1,319  
10  000  000  1001,0,0,0,0,0,0,  1,448  
10  001  000  1001,0,0,0,0,0,0,  1,448  
10  002  001  1001,0,0,0,0,0,0,  1,449  
10  003  001  1001,0,0,0,0,0,0,  1,449  
10  004  002  1001,0,0,0,0,0,0,  1,450  
10  005  002  1001,0,0,0,0,0,0,  1,450  
10  006  003  1001,0,0,0,0,0,0,  1,451  
10  007  003  1001,0,0,0,0,0,0,  1,451  
10  008  004  1001,0,0,0,0,0,0,  1,452  
10  009  004  1001,0,0,0,0,0,0,  1,452  
10  010  005  1001,0,0,0,0,0,0,  1,453  
10  011  005  1001,0,0,0,0,0,0,  1,453  
10  012  006  1001,0,0,0,0,0,0,  1,454  
10  013  006  1001,0,0,0,0,0,0,  1,454  
10  014  007  1001,0,0,0,0,0,0,  1,455  
10  015  007  1001,0,0,0,0,0,0,  1,455  
10  016  008  1001,0,0,0,0,0,0,  1,456  
10  017  008  1001,0,0,0,0,0,0,  1,456  
10  018  009  1001,0,0,0,0,0,0,  1,457  
10  019  009  1001,0,0,0,0,0,0,  1,457  
10  020  010  1001,0,0,0,0,0,0,  1,458  
10  021  010  1001,0,0,0,0,0,0,  1,458  
10  022  011  1001,0,0,0,0,0,0,  1,459  
10  023  011  1001,0,0,0,0,0,0,  1,459  
10  024  012  1001,0,0,0,0,0,0,  1,460  
10  025  012  1001,0,0,0,0,0,0,  1,460  
10  026  013  1001,0,0,0,0,0,0,  1,461  
10  027  013  1001,0,0,0,0,0,0,  1,461  
10  028  014  1001,0,0,0,0,0,0,  1,462  
10  029  014  1001,0,0,0,0,0,0,  1,462  
10  030  015  1001,0,0,0,0,0,0,  1,463  
10  031  015  1001,0,0,0,0,0,0,  1,463  
10  032  016  1001,0,0,0,0,0,0,  1,464  
10  033  016  1001,0,0,0,0,0,0,  1,464  
10  034  017  1001,0,0,0,0,0,0,  1,465  
10  035  017  1001,0,0,0,0,0,0,  1,465  
10  036  018  1001,0,0,0,0,0,0,  1,466  
10  037  018  1001,0,0,0,0,0,0,  1,466  
10  038  019  1001,0,0,0,0,0,0,  1,467  
10  039  019  1001,0,0,0,0,0,0,  1,467  
10  040  020  1001,0,0,0,0,0,0,  1,468  
10  041  020  1001,0,0,0,0,0,0,  1,468  
10  042  021  1001,0,0,0,0,0,0,  1,469  
10  043  021  1001,0,0,0,0,0,0,  1,469  
10  044  022  1001,0,0,0,0,0,0,  1,470  
10  045  022  1001,0,0,0,0,0,0,  1,470  
10  046  023  1001,0,0,0,0,0,0,  1,471  
10  047  023  1001,0,0,0,0,0,0,  1,471  
10  048  024  1001,0,0,0,0,0,0,  1,472  
10  049  024  1001,0,0,0,0,0,0,  1,472  
10  050  025  1001,0,0,0,0,0,0,  1,473  
10  051  025  1001,0,0,0,0,0,0,  1,473  
10  052  026  1001,0,0,0,0,0,0,  1,474  
10  053  026  1001,0,0,0,0,0,0,  1,474  
10  054  027  1001,0,0,0,0,0,0,  1,475  
10  055  027  1001,0,0,0,0,0,0,  1,475  
10  056  028  1001,0,0,0,0,0,0,  1,476  
10  057  028  1001,0,0,0,0,0,0,  1,476  
10  058  029  1001,0,0,0,0,0,0,  1,477  
10  059  029  1001,0,0,0,0,0,0,  1,477  
10  060  030  1001,0,0,0,0,0,0,  1,478  
10  061  030  1001,0,0,0,0,0,0,  1,478  
10  062  031  1001,0,0,0,0,0,0,  1,479  
10  063  031  1001,0,0,0,0,0,0,  1,479  
10  064  032  1001,0,0,0,0,0,0,  1,480  
10  065  032  1001,0,0,0,0,0,0,  1,480  
10  066  033  1001,0,0,0,0,0,0,  1,481  
10  067  033  1001,0,0,0,0,0,0,  1,481  
10  068  034  1001,0,0,0,0,0,0,  1,482  
10  069  034  1001,0,0,0,0,0,0,  1,482  
10  070  035  1001,0,0,0,0,0,0,  1,483  
10  071  035  1001,0,0,0,0,0,0,  1,483  
10  072  036  1001,0,0,0,0,0,0,  1,484  
10  073  036  1001,0,0,0,0,0,0,  1,484  
10  074  037  1001,0,0,0,0,0,0,  1,485  
10  075  037  1001,0,0,0,0,0,0,  1,485  
10  076  038  1001,0,0,0,0,0,0,  1,486  
10  077  038  1001,0,0,0,0,0,0,  1,486  
10  078  039  1001,0,0,0,0,0,0,  1,487  
10  079  039  1001,0,0,0,0,0,0,  1,487  
10  080  040  1001,0,0,0,0,0,0,  1,488  
10  081  040  1001,0,0,0,0,0,0,  1,488  
10  082  041  1001,0,0,0,0,0,0,  1,489  
10  083  041  1001,0,0,0,0,0,0,  1,489  
10  084  042  1001,0,0,0,0,0,0,  1,490  
10  085  042  1001,0,0,0,0,0,0,  1,490  
10  086  043  1001,0,0,0,0,0,0,  1,491  
10  087  043  1001,0,0,0,0,0,0,  1,491  
10  088  044  1001,0,0,0,0,0,0,  1,492  
10  089  044  1001,0,0,0,0,0,0,  1,492  
10  090  045  1001,0,0,0,0,0,0,  1,493  
10  091  045  1001,0,0,0,0,0,0,  1,493  
10  092  046  1001,0,0,0,0,0,0,  1,494  
10  093  046  1001,0,0,0,0,0,0,  1,494  
10  094  047  1001,0,0,0,0,0,0,  1,495  
10  095  047  1001,0,0,0,0,0,0,  1,495  
10  096  048  1001,0,0,0,0,0,0,  1,496  
10  097  048  1001,0,0,0,0,0,0,  1,496  
10  098  049  1001,0,0,0,0,0,0,  1,497  
10  099  049  1001,0,0,0,0,0,0,  1,497  
10  100  050  1001,0,0,0,0,0,0,  1,498  
10  101  050  1001,0,0,0,0,0,0,  1,498  
10  102  051  1001,0,0,0,0,0,0,  1,499  
10  103  051  1001,0,0,0,0,0,0,  1,499  
10  104  052  1001,0,0,0,0,0,0,  1,500  
10  105  052  1001,0,0,0,0,0,0,  1,500  
10  106  053  1001,0,0,0,0,0,0,  1,501  
10  107  053  1001,0,0,0,0,0,0,  1,501  
10  108  054  1001,0,0,0,0,0,0,  1,502  
10  109  054  1001,0,0,0,0,0,0,  1,502  
10  110  055  1001,0,0,0,0,0,0,  1,503  
10  111  055  1001,0,0,0,0,0,0,  1,503  
10  112  056  1001,0,0,0,0,0,0,  1,504  
10  113  056  1001,0,0,0,0,0,0,  1,504  
10  114  057  1001,0,0,0,0,0,0,  1,505  
10  115  057  1001,0,0,0,0,0,0,  1,505  
10  116  058  1001,0,0,0,0,0,0,  1,506  
10  117  058  1001,0,0,0,0,0,0,  1,506  
10  118  059  1001,0,0,0,0,0,0,  1,507  
10  119  059  1001,0,0,0,0,0,0,  1,507  
10  120  060  1001,0,0,0,0,0,0,  1,508  
10  121  060  1001,0,0,0,0,0,0,  1,508  
10  122  061  1001,0,0,0,0,0,0,  1,509  
10  123  061  1001,0,0,0,0,0,0,  1,509  
10  124  062  1001,0,0,0,0,0,0,  1,510  
10  125  062  1001,0,0,0,0,0,0,  1,510  
10  126  063  1001,0,0,0,0,0,0,  1,511
10  127  063  1001,0,0,0,0,0,0,  1,511  
11  000  000  1001,0,0,0,0,0,0,  1,640  
11  001  000  1001,0,0,0,0,0,0,  1,640  
11  002  001  1001,0,0,0,0,0,0,  1,641  
11  003  001  1001,0,0,0,0,0,0,  1,641  
11  004  002  1001,0,0,0,0,0,0,  1,642  
11  005  002  1001,0,0,0,0,0,0,  1,642  
11  006  003  1001,0,0,0,0,0,0,  1,643  
11  007  003  1001,0,0,0,0,0,0,  1,643  
11  008  004  1001,0,0,0,0,0,0,  1,644  
11  009  004  1001,0,0,0,0,0,0,  1,644  
11  010  005  1001,0,0,0,0,0,0,  1,645  
11  011  005  1001,0,0,0,0,0,0,  1,645  
11  012  006  1001,0,0,0,0,0,0,  1,646  
11  013  006  1001,0,0,0,0,0,0,  1,646  
11  014  007  1001,0,0,0,0,0,0,  1,647  
11  015  007  1001,0,0,0,0,0,0,  1,647  
11  016  008  1001,0,0,0,0,0,0,  1,648  
11  017  008  1001,0,0,0,0,0,0,  1,648  
11  018  009  1001,0,0,0,0,0,0,  1,649  
11  019  009  1001,0,0,0,0,0,0,  1,649  
11  020  010  1001,0,0,0,0,0,0,  1,650  
11  021  010  1001,0,0,0,0,0,0,  1,650  
11  022  011  1001,0,0,0,0,0,0,  1,651  
11  023  011  1001,0,0,0,0,0,0,  1,651  
11  024  012  1001,0,0,0,0,0,0,  1,652  
11  025  012  1001,0,0,0,0,0,0,  1,652  
11  026  013  1001,0,0,0,0,0,0,  1,653  
11  027  013  1001,0,0,0,0,0,0,  1,653  
11  028  014  1001,0,0,0,0,0,0,  1,654  
11  029  014  1001,0,0,0,0,0,0,  1,654  
11  030  015  1001,0,0,0,0,0,0,  1,655  
11  031  015  1001,0,0,0,0,0,0,  1,655  
11  032  016  1001,0,0,0,0,0,0,  1,656  
11  033  016  1001,0,0,0,0,0,0,  1,656  
11  034  017  1001,0,0,0,0,0,0,  1,657  
11  035  017  1001,0,0,0,0,0,0,  1,657  
11  036  018  1001,0,0,0,0,0,0,  1,658  
11  037  018  1001,0,0,0,0,0,0,  1,658  
11  038  019  1001,0,0,0,0,0,0,  1,659  
11  039  019  1001,0,0,0,0,0,0,  1,659  
11  040  020  1001,0,0,0,0,0,0,  1,660  
11  041  020  1001,0,0,0,0,0,0,  1,660  
11  042  021  1001,0,0,0,0,0,0,  1,661  
11  043  021  1001,0,0,0,0,0,0,  1,661  
11  044  022  1001,0,0,0,0,0,0,  1,662  
11  045  022  1001,0,0,0,0,0,0,  1,662  
11  046  023  1001,0,0,0,0,0,0,  1,663  
11  047  023  1001,0,0,0,0,0,0,  1,663  
11  048  024  1001,0,0,0,0,0,0,  1,664  
11  049  024  1001,0,0,0,0,0,0,  1,664  
11  050  025  1001,0,0,0,0,0,0,  1,665  
11  051  025  1001,0,0,0,0,0,0,  1,665  
11  052  026  1001,0,0,0,0,0,0,  1,666  
11  053  026  1001,0,0,0,0,0,0,  1,666  
11  054  027  1001,0,0,0,0,0,0,  1,667  
11  055  027  1001,0,0,0,0,0,0,  1,667  
11  056  028  1001,0,0,0,0,0,0,  1,668  
11  057  028  1001,0,0,0,0,0,0,  1,668  
11  058  029  1001,0,0,0,0,0,0,  1,669  
11  059  029  1001,0,0,0,0,0,0,  1,669  
11  060  030  1001,0,0,0,0,0,0,  1,670  
11  061  030  1001,0,0,0,0,0,0,  1,670  
11  062  031  1001,0,0,0,0,0,0,  1,671  
11  063  031  1001,0,0,0,0,0,0,  1,671  
11  064  032  1001,0,0,0,0,0,0,  1,672  
11  065  032  1001,0,0,0,0,0,0,  1,672  
11  066  033  1001,0,0,0,0,0,0,  1,673  
11  067  033  1001,0,0,0,0,0,0,  1,673  
11  068  034  1001,0,0,0,0,0,0,  1,674  
11  069  034  1001,0,0,0,0,0,0,  1,674  
11  070  035  1001,0,0,0,0,0,0,  1,675  
11  071  035  1001,0,0,0,0,0,0,  1,675  
11  072  036  1001,0,0,0,0,0,0,  1,676  
11  073  036  1001,0,0,0,0,0,0,  1,676  
11  074  037  1001,0,0,0,0,0,0,  1,677  
11  075  037  1001,0,0,0,0,0,0,  1,677  
11  076  038  1001,0,0,0,0,0,0,  1,678  
11  077  038  1001,0,0,0,0,0,0,  1,678  
11  078  039  1001,0,0,0,0,0,0,  1,679  
11  079  039  1001,0,0,0,0,0,0,  1,679  
11  080  040  1001,0,0,0,0,0,0,  1,680  
11  081  040  1001,0,0,0,0,0,0,  1,680  
11  082  041  1001,0,0,0,0,0,0,  1,681  
11  083  041  1001,0,0,0,0,0,0,  1,681  
11  084  042  1001,0,0,0,0,0,0,  1,682  
11  085  042  1001,0,0,0,0,0,0,  1,682  
11  086  043  1001,0,0,0,0,0,0,  1,683  
11  087  043  1001,0,0,0,0,0,0,  1,683  
11  088  044  1001,0,0,0,0,0,0,  1,684  
11  089  044  1001,0,0,0,0,0,0,  1,684  
11  090  045  1001,0,0,0,0,0,0,  1,685  
11  091  045  1001,0,0,0,0,0,0,  1,685  
11  092  046  1001,0,0,0,0,0,0,  1,686  
11  093  046  1001,0,0,0,0,0,0,  1,686  
11  094  047  1001,0,0,0,0,0,0,  1,687  
11  095  047  1001,0,0,0,0,0,0,  1,687  
11  096  048  1001,0,0,0,0,0,0,  1,688  
11  097  048  1001,0,0,0,0,0,0,  1,688  
11  098  049  1001,0,0,0,0,0,0,  1,689  
11  099  049  1001,0,0,0,0,0,0,  1,689  
11  100  050  1001,0,0,0,0,0,0,  1,690  
11  101  050  1001,0,0,0,0,0,0,  1,690  
11  102  051  1001,0,0,0,0,0,0,  1,691  
11  103  051  1001,0,0,0,0,0,0,  1,691  
11  104  052  1001,0,0,0,0,0,0,  1,692  
11  105  052  1001,0,0,0,0,0,0,  1,692  
11  106  053  1001,0,0,0,0,0,0,  1,693  
11  107  053  1001,0,0,0,0,0,0,  1,693  
11  108  054  1001,0,0,0,0,0,0,  1,694  
11  109  054  1001,0,0,0,0,0,0,  1,694  
11  110  055  1001,0,0,0,0,0,0,  1,695  
11  111  055  1001,0,0,0,0,0,0,  1,695  
11  112  056  1001,0,0,0,0,0,0,  1,696  
11  113  056  1001,0,0,0,0,0,0,  1,696  
11  114  057  1001,0,0,0,0,0,0,  1,697  
11  115  057  1001,0,0,0,0,0,0,  1,697  
11  116  058  1001,0,0,0,0,0,0,  1,698  
11  117  058  1001,0,0,0,0,0,0,  1,698  
11  118  059  1001,0,0,0,0,0,0,  1,699  
11  119  059  1001,0,0,0,0,0,0,  1,699  
11  120  060  1001,0,0,0,0,0,0,  1,700  
11  121  060  1001,0,0,0,0,0,0,  1,700  
11  122  061  1001,0,0,0,0,0,0,  1,701  
11  123  061  1001,0,0,0,0,0,0,  1,701  
11  124  062  1001,0,0,0,0,0,0,  1,702  
11  125  062  1001,0,0,0,0,0,0,  1,702  
11  126  063  1001,0,0,0,0,0,0,  1,703  
11  127  063  1001,0,0,0,0,0,0,  1,703  
16  000  000  1001,0,0,0,0,0,0,  1,128  
16  001  000  1001,0,0,0,0,0,0,  1,128  
16  002  001  1001,0,0,0,0,0,0,  1,129  
16  003  001  1001,0,0,0,0,0,0,  1,129  
16  004  002  1001,0,0,0,0,0,0,  1,130  
16  005  002  1001,0,0,0,0,0,0,  1,130  
16  006  003  1001,0,0,0,0,0,0,  1,131  
16  007  003  1001,0,0,0,0,0,0,  1,131  
16  008  004  1001,0,0,0,0,0,0,  1,132  
16  009  004  1001,0,0,0,0,0,0,  1,132  
16  010  005  1001,0,0,0,0,0,0,  1,133  
16  011  005  1001,0,0,0,0,0,0,  1,133  
16  012  006  1001,0,0,0,0,0,0,  1,134  
16  013  006  1001,0,0,0,0,0,0,  1,134  
16  014  007  1001,0,0,0,0,0,0,  1,135  
16  015  007  1001,0,0,0,0,0,0,  1,135  
16  016  008  1001,0,0,0,0,0,0,  1,136  
16  017  008  1001,0,0,0,0,0,0,  1,136  
16  018  009  1001,0,0,0,0,0,0,  1,137  
16  019  009  1001,0,0,0,0,0,0,  1,137  
16  020  010  1001,0,0,0,0,0,0,  1,138  
16  021  010  1001,0,0,0,0,0,0,  1,138  
16  022  011  1001,0,0,0,0,0,0,  1,139  
16  023  011  1001,0,0,0,0,0,0,  1,139  
16  024  012  1001,0,0,0,0,0,0,  1,140  
16  025  012  1001,0,0,0,0,0,0,  1,140  
16  026  013  1001,0,0,0,0,0,0,  1,141  
16  027  013  1001,0,0,0,0,0,0,  1,141  
16  028  014  1001,0,0,0,0,0,0,  1,142  
16  029  014  1001,0,0,0,0,0,0,  1,142  
16  030  015  1001,0,0,0,0,0,0,  1,143  
16  031  015  1001,0,0,0,0,0,0,  1,143  
16  032  016  1001,0,0,0,0,0,0,  1,144  
16  033  016  1001,0,0,0,0,0,0,  1,144  
16  034  017  1001,0,0,0,0,0,0,  1,145  
16  035  017  1001,0,0,0,0,0,0,  1,145  
16  036  018  1001,0,0,0,0,0,0,  1,146  
16  037  018  1001,0,0,0,0,0,0,  1,146  
16  038  019  1001,0,0,0,0,0,0,  1,147  
16  039  019  1001,0,0,0,0,0,0,  1,147  
16  040  020  1001,0,0,0,0,0,0,  1,148  
16  041  020  1001,0,0,0,0,0,0,  1,148  
16  042  021  1001,0,0,0,0,0,0,  1,149  
16  043  021  1001,0,0,0,0,0,0,  1,149  
16  044  022  1001,0,0,0,0,0,0,  1,150  
16  045  022  1001,0,0,0,0,0,0,  1,150  
16  046  023  1001,0,0,0,0,0,0,  1,151  
16  047  023  1001,0,0,0,0,0,0,  1,151  
16  048  024  1001,0,0,0,0,0,0,  1,152  
16  049  024  1001,0,0,0,0,0,0,  1,152  
16  050  025  1001,0,0,0,0,0,0,  1,153  
16  051  025  1001,0,0,0,0,0,0,  1,153  
16  052  026  1001,0,0,0,0,0,0,  1,154  
16  053  026  1001,0,0,0,0,0,0,  1,154  
16  054  027  1001,0,0,0,0,0,0,  1,155  
16  055  027  1001,0,0,0,0,0,0,  1,155  
16  056  028  1001,0,0,0,0,0,0,  1,156  
16  057  028  1001,0,0,0,0,0,0,  1,156  
16  058  029  1001,0,0,0,0,0,0,  1,157  
16  059  029  1001,0,0,0,0,0,0,  1,157  
16  060  030  1001,0,0,0,0,0,0,  1,158  
16  061  030  1001,0,0,0,0,0,0,  1,158  
16  062  031  1001,0,0,0,0,0,0,  1,159  
16  063  031  1001,0,0,0,0,0,0,  1,159  
16  064  032  1001,0,0,0,0,0,0,  1,160  
16  065  032  1001,0,0,0,0,0,0,  1,160  
16  066  033  1001,0,0,0,0,0,0,  1,161  
16  067  033  1001,0,0,0,0,0,0,  1,161  
16  068  034  1001,0,0,0,0,0,0,  1,162  
16  069  034  1001,0,0,0,0,0,0,  1,162  
16  070  035  1001,0,0,0,0,0,0,  1,163  
16  071  035  1001,0,0,0,0,0,0,  1,163  
16  072  036  1001,0,0,0,0,0,0,  1,164  
16  073  036  1001,0,0,0,0,0,0,  1,164  
16  074  037  1001,0,0,0,0,0,0,  1,165  
16  075  037  1001,0,0,0,0,0,0,  1,165  
16  076  038  1001,0,0,0,0,0,0,  1,166  
16  077  038  1001,0,0,0,0,0,0,  1,166  
16  078  039  1001,0,0,0,0,0,0,  1,167  
16  079  039  1001,0,0,0,0,0,0,  1,167  
16  080  040  1001,0,0,0,0,0,0,  1,168  
16  081  040  1001,0,0,0,0,0,0,  1,168  
16  082  041  1001,0,0,0,0,0,0,  1,169  
16  083  041  1001,0,0,0,0,0,0,  1,169  
16  084  042  1001,0,0,0,0,0,0,  1,170  
16  085  042  1001,0,0,0,0,0,0,  1,170  
16  086  043  1001,0,0,0,0,0,0,  1,171  
16  087  043  1001,0,0,0,0,0,0,  1,171  
16  088  044  1001,0,0,0,0,0,0,  1,172  
16  089  044  1001,0,0,0,0,0,0,  1,172  
16  090  045  1001,0,0,0,0,0,0,  1,173  
16  091  045  1001,0,0,0,0,0,0,  1,173  
16  092  046  1001,0,0,0,0,0,0,  1,174  
16  093  046  1001,0,0,0,0,0,0,  1,174  
16  094  047  1001,0,0,0,0,0,0,  1,175  
16  095  047  1001,0,0,0,0,0,0,  1,175  
16  096  048  1001,0,0,0,0,0,0,  1,176  
16  097  048  1001,0,0,0,0,0,0,  1,176  
16  098  049  1001,0,0,0,0,0,0,  1,177  
16  099  049  1001,0,0,0,0,0,0,  1,177  
16  100  050  1001,0,0,0,0,0,0,  1,178  
16  101  050  1001,0,0,0,0,0,0,  1,178  
16  102  051  1001,0,0,0,0,0,0,  1,179  
16  103  051  1001,0,0,0,0,0,0,  1,179  
16  104  052  1001,0,0,0,0,0,0,  1,180  
16  105  052  1001,0,0,0,0,0,0,  1,180  
16  106  053  1001,0,0,0,0,0,0,  1,181  
16  107  053  1001,0,0,0,0,0,0,  1,181  
16  108  054  1001,0,0,0,0,0,0,  1,182  
16  109  054  1001,0,0,0,0,0,0,  1,182  
16  110  055  1001,0,0,0,0,0,0,  1,183  
16  111  055  1001,0,0,0,0,0,0,  1,183  
16  112  056  1001,0,0,0,0,0,0,  1,184  
16  113  056  1001,0,0,0,0,0,0,  1,184  
16  114  057  1001,0,0,0,0,0,0,  1,185  
16  115  057  1001,0,0,0,0,0,0,  1,185  
16  116  058  1001,0,0,0,0,0,0,  1,186  
16  117  058  1001,0,0,0,0,0,0,  1,186  
16  118  059  1001,0,0,0,0,0,0,  1,187  
16  119  059  1001,0,0,0,0,0,0,  1,187  
16  120  060  1001,0,0,0,0,0,0,  1,188  
16  121  060  1001,0,0,0,0,0,0,  1,188  
16  122  061  1001,0,0,0,0,0,0,  1,189  
16  123  061  1001,0,0,0,0,0,0,  1,189  
16  124  062  1001,0,0,0,0,0,0,  1,190  
16  125  062  1001,0,0,0,0,0,0,  1,190  
16  126  063  1001,0,0,0,0,0,0,  1,191  
16  127  063  1001,0,0,0,0,0,0,  1,191  
17  000  000  1001,0,0,0,0,0,0,  1,320  
17  001  000  1001,0,0,0,0,0,0,  1,320  
17  002  001  1001,0,0,0,0,0,0,  1,321  
17  003  001  1001,0,0,0,0,0,0,  1,321  
17  004  002  1001,0,0,0,0,0,0,  1,322  
17  005  002  1001,0,0,0,0,0,0,  1,322  
17  006  003  1001,0,0,0,0,0,0,  1,323  
17  007  003  1001,0,0,0,0,0,0,  1,323  
17  008  004  1001,0,0,0,0,0,0,  1,324  
17  009  004  1001,0,0,0,0,0,0,  1,324  
17  010  005  1001,0,0,0,0,0,0,  1,325  
17  011  005  1001,0,0,0,0,0,0,  1,325  
17  012  006  1001,0,0,0,0,0,0,  1,326  
17  013  006  1001,0,0,0,0,0,0,  1,326  
17  014  007  1001,0,0,0,0,0,0,  1,327  
17  015  007  1001,0,0,0,0,0,0,  1,327  
17  016  008  1001,0,0,0,0,0,0,  1,328  
17  017  008  1001,0,0,0,0,0,0,  1,328  
17  018  009  1001,0,0,0,0,0,0,  1,329  
17  019  009  1001,0,0,0,0,0,0,  1,329  
17  020  010  1001,0,0,0,0,0,0,  1,330  
17  021  010  1001,0,0,0,0,0,0,  1,330  
17  022  011  1001,0,0,0,0,0,0,  1,331  
17  023  011  1001,0,0,0,0,0,0,  1,331  
17  024  012  1001,0,0,0,0,0,0,  1,332  
17  025  012  1001,0,0,0,0,0,0,  1,332  
17  026  013  1001,0,0,0,0,0,0,  1,333  
17  027  013  1001,0,0,0,0,0,0,  1,333  
17  028  014  1001,0,0,0,0,0,0,  1,334  
17  029  014  1001,0,0,0,0,0,0,  1,334  
17  030  015  1001,0,0,0,0,0,0,  1,335  
17  031  015  1001,0,0,0,0,0,0,  1,335  
17  032  016  1001,0,0,0,0,0,0,  1,336  
17  033  016  1001,0,0,0,0,0,0,  1,336  
17  034  017  1001,0,0,0,0,0,0,  1,337  
17  035  017  1001,0,0,0,0,0,0,  1,337  
17  036  018  1001,0,0,0,0,0,0,  1,338  
17  037  018  1001,0,0,0,0,0,0,  1,338  
17  038  019  1001,0,0,0,0,0,0,  1,339  
17  039  019  1001,0,0,0,0,0,0,  1,339  
17  040  020  1001,0,0,0,0,0,0,  1,340  
17  041  020  1001,0,0,0,0,0,0,  1,340  
17  042  021  1001,0,0,0,0,0,0,  1,341  
17  043  021  1001,0,0,0,0,0,0,  1,341  
17  044  022  1001,0,0,0,0,0,0,  1,342  
17  045  022  1001,0,0,0,0,0,0,  1,342  
17  046  023  1001,0,0,0,0,0,0,  1,343  
17  047  023  1001,0,0,0,0,0,0,  1,343  
17  048  024  1001,0,0,0,0,0,0,  1,344  
17  049  024  1001,0,0,0,0,0,0,  1,344  
17  050  025  1001,0,0,0,0,0,0,  1,345  
17  051  025  1001,0,0,0,0,0,0,  1,345  
17  052  026  1001,0,0,0,0,0,0,  1,346  
17  053  026  1001,0,0,0,0,0,0,  1,346  
17  054  027  1001,0,0,0,0,0,0,  1,347  
17  055  027  1001,0,0,0,0,0,0,  1,347  
17  056  028  1001,0,0,0,0,0,0,  1,348  
17  057  028  1001,0,0,0,0,0,0,  1,348  
17  058  029  1001,0,0,0,0,0,0,  1,349  
17  059  029  1001,0,0,0,0,0,0,  1,349  
17  060  030  1001,0,0,0,0,0,0,  1,350  
17  061  030  1001,0,0,0,0,0,0,  1,350  
17  062  031  1001,0,0,0,0,0,0,  1,351  
17  063  031  1001,0,0,0,0,0,0,  1,351  
17  064  032  1001,0,0,0,0,0,0,  1,352  
17  065  032  1001,0,0,0,0,0,0,  1,352  
17  066  033  1001,0,0,0,0,0,0,  1,353  
17  067  033  1001,0,0,0,0,0,0,  1,353  
17  068  034  1001,0,0,0,0,0,0,  1,354  
17  069  034  1001,0,0,0,0,0,0,  1,354  
17  070  035  1001,0,0,0,0,0,0,  1,355  
17  071  035  1001,0,0,0,0,0,0,  1,355  
17  072  036  1001,0,0,0,0,0,0,  1,356  
17  073  036  1001,0,0,0,0,0,0,  1,356  
17  074  037  1001,0,0,0,0,0,0,  1,357  
17  075  037  1001,0,0,0,0,0,0,  1,357  
17  076  038  1001,0,0,0,0,0,0,  1,358  
17  077  038  1001,0,0,0,0,0,0,  1,358  
17  078  039  1001,0,0,0,0,0,0,  1,359  
17  079  039  1001,0,0,0,0,0,0,  1,359  
17  080  040  1001,0,0,0,0,0,0,  1,360  
17  081  040  1001,0,0,0,0,0,0,  1,360  
17  082  041  1001,0,0,0,0,0,0,  1,361  
17  083  041  1001,0,0,0,0,0,0,  1,361  
17  084  042  1001,0,0,0,0,0,0,  1,362  
17  085  042  1001,0,0,0,0,0,0,  1,362  
17  086  043  1001,0,0,0,0,0,0,  1,363  
17  087  043  1001,0,0,0,0,0,0,  1,363  
17  088  044  1001,0,0,0,0,0,0,  1,364  
17  089  044  1001,0,0,0,0,0,0,  1,364  
17  090  045  1001,0,0,0,0,0,0,  1,365  
17  091  045  1001,0,0,0,0,0,0,  1,365  
17  092  046  1001,0,0,0,0,0,0,  1,366  
17  093  046  1001,0,0,0,0,0,0,  1,366  
17  094  047  1001,0,0,0,0,0,0,  1,367  
17  095  047  1001,0,0,0,0,0,0,  1,367  
17  096  048  1001,0,0,0,0,0,0,  1,368  
17  097  048  1001,0,0,0,0,0,0,  1,368  
17  098  049  1001,0,0,0,0,0,0,  1,369  
17  099  049  1001,0,0,0,0,0,0,  1,369  
17  100  050  1001,0,0,0,0,0,0,  1,370  
17  101  050  1001,0,0,0,0,0,0,  1,370  
17  102  051  1001,0,0,0,0,0,0,  1,371  
17  103  051  1001,0,0,0,0,0,0,  1,371  
17  104  052  1001,0,0,0,0,0,0,  1,372  
17  105  052  1001,0,0,0,0,0,0,  1,372  
17  106  053  1001,0,0,0,0,0,0,  1,373  
17  107  053  1001,0,0,0,0,0,0,  1,373  
17  108  054  1001,0,0,0,0,0,0,  1,374  
17  109  054  1001,0,0,0,0,0,0,  1,374  
17  110  055  1001,0,0,0,0,0,0,  1,375  
17  111  055  1001,0,0,0,0,0,0,  1,375  
17  112  056  1001,0,0,0,0,0,0,  1,376  
17  113  056  1001,0,0,0,0,0,0,  1,376  
17  114  057  1001,0,0,0,0,0,0,  1,377  
17  115  057  1001,0,0,0,0,0,0,  1,377  
17  116  058  1001,0,0,0,0,0,0,  1,378  
17  117  058  1001,0,0,0,0,0,0,  1,378  
17  118  059  1001,0,0,0,0,0,0,  1,379  
17  119  059  1001,0,0,0,0,0,0,  1,379  
17  120  060  1001,0,0,0,0,0,0,  1,380  
17  121  060  1001,0,0,0,0,0,0,  1,380  
17  122  061  1001,0,0,0,0,0,0,  1,381  
17  123  061  1001,0,0,0,0,0,0,  1,381  
17  124  062  1001,0,0,0,0,0,0,  1,382  
17  125  062  1001,0,0,0,0,0,0,  1,382  
17  126  063  1001,0,0,0,0,0,0,  1,383  
17  127  063  1001,0,0,0,0,0,0,  1,383  
18  000  000  1001,0,0,0,0,0,0,  1,512  
18  001  000  1001,0,0,0,0,0,0,  1,512  
18  002  001  1001,0,0,0,0,0,0,  1,513  
18  003  001  1001,0,0,0,0,0,0,  1,513  
18  004  002  1001,0,0,0,0,0,0,  1,514  
18  005  002  1001,0,0,0,0,0,0,  1,514  
18  006  003  1001,0,0,0,0,0,0,  1,515  
18  007  003  1001,0,0,0,0,0,0,  1,515  
18  008  004  1001,0,0,0,0,0,0,  1,516  
18  009  004  1001,0,0,0,0,0,0,  1,516  
18  010  005  1001,0,0,0,0,0,0,  1,517  
18  011  005  1001,0,0,0,0,0,0,  1,517  
18  012  006  1001,0,0,0,0,0,0,  1,518  
18  013  006  1001,0,0,0,0,0,0,  1,518  
18  014  007  1001,0,0,0,0,0,0,  1,519  
18  015  007  1001,0,0,0,0,0,0,  1,519  
18  016  008  1001,0,0,0,0,0,0,  1,520  
18  017  008  1001,0,0,0,0,0,0,  1,520  
18  018  009  1001,0,0,0,0,0,0,  1,521  
18  019  009  1001,0,0,0,0,0,0,  1,521  
18  020  010  1001,0,0,0,0,0,0,  1,522  
18  021  010  1001,0,0,0,0,0,0,  1,522  
18  022  011  1001,0,0,0,0,0,0,  1,523  
18  023  011  1001,0,0,0,0,0,0,  1,523  
18  024  012  1001,0,0,0,0,0,0,  1,524  
18  025  012  1001,0,0,0,0,0,0,  1,524  
18  026  013  1001,0,0,0,0,0,0,  1,525  
18  027  013  1001,0,0,0,0,0,0,  1,525  
18  028  014  1001,0,0,0,0,0,0,  1,526  
18  029  014  1001,0,0,0,0,0,0,  1,526  
18  030  015  1001,0,0,0,0,0,0,  1,527  
18  031  015  1001,0,0,0,0,0,0,  1,527  
18  032  016  1001,0,0,0,0,0,0,  1,528  
18  033  016  1001,0,0,0,0,0,0,  1,528  
18  034  017  1001,0,0,0,0,0,0,  1,529  
18  035  017  1001,0,0,0,0,0,0,  1,529  
18  036  018  1001,0,0,0,0,0,0,  1,530  
18  037  018  1001,0,0,0,0,0,0,  1,530  
18  038  019  1001,0,0,0,0,0,0,  1,531  
18  039  019  1001,0,0,0,0,0,0,  1,531  
18  040  020  1001,0,0,0,0,0,0,  1,532  
18  041  020  1001,0,0,0,0,0,0,  1,532  
18  042  021  1001,0,0,0,0,0,0,  1,533  
18  043  021  1001,0,0,0,0,0,0,  1,533  
18  044  022  1001,0,0,0,0,0,0,  1,534  
18  045  022  1001,0,0,0,0,0,0,  1,534  
18  046  023  1001,0,0,0,0,0,0,  1,535  
18  047  023  1001,0,0,0,0,0,0,  1,535  
18  048  024  1001,0,0,0,0,0,0,  1,536  
18  049  024  1001,0,0,0,0,0,0,  1,536  
18  050  025  1001,0,0,0,0,0,0,  1,537  
18  051  025  1001,0,0,0,0,0,0,  1,537  
18  052  026  1001,0,0,0,0,0,0,  1,538  
18  053  026  1001,0,0,0,0,0,0,  1,538  
18  054  027  1001,0,0,0,0,0,0,  1,539  
18  055  027  1001,0,0,0,0,0,0,  1,539  
18  056  028  1001,0,0,0,0,0,0,  1,540  
18  057  028  1001,0,0,0,0,0,0,  1,540  
18  058  029  1001,0,0,0,0,0,0,  1,541  
18  059  029  1001,0,0,0,0,0,0,  1,541  
18  060  030  1001,0,0,0,0,0,0,  1,542  
18  061  030  1001,0,0,0,0,0,0,  1,542  
18  062  031  1001,0,0,0,0,0,0,  1,543  
18  063  031  1001,0,0,0,0,0,0,  1,543  
18  064  032  1001,0,0,0,0,0,0,  1,544  
18  065  032  1001,0,0,0,0,0,0,  1,544  
18  066  033  1001,0,0,0,0,0,0,  1,545  
18  067  033  1001,0,0,0,0,0,0,  1,545  
18  068  034  1001,0,0,0,0,0,0,  1,546  
18  069  034  1001,0,0,0,0,0,0,  1,546  
18  070  035  1001,0,0,0,0,0,0,  1,547  
18  071  035  1001,0,0,0,0,0,0,  1,547  
18  072  036  1001,0,0,0,0,0,0,  1,548  
18  073  036  1001,0,0,0,0,0,0,  1,548  
18  074  037  1001,0,0,0,0,0,0,  1,549  
18  075  037  1001,0,0,0,0,0,0,  1,549  
18  076  038  1001,0,0,0,0,0,0,  1,550  
18  077  038  1001,0,0,0,0,0,0,  1,550  
18  078  039  1001,0,0,0,0,0,0,  1,551  
18  079  039  1001,0,0,0,0,0,0,  1,551  
18  080  040  1001,0,0,0,0,0,0,  1,552  
18  081  040  1001,0,0,0,0,0,0,  1,552  
18  082  041  1001,0,0,0,0,0,0,  1,553  
18  083  041  1001,0,0,0,0,0,0,  1,553  
18  084  042  1001,0,0,0,0,0,0,  1,554  
18  085  042  1001,0,0,0,0,0,0,  1,554  
18  086  043  1001,0,0,0,0,0,0,  1,555  
18  087  043  1001,0,0,0,0,0,0,  1,555  
18  088  044  1001,0,0,0,0,0,0,  1,556  
18  089  044  1001,0,0,0,0,0,0,  1,556  
18  090  045  1001,0,0,0,0,0,0,  1,557  
18  091  045  1001,0,0,0,0,0,0,  1,557  
18  092  046  1001,0,0,0,0,0,0,  1,558  
18  093  046  1001,0,0,0,0,0,0,  1,558  
18  094  047  1001,0,0,0,0,0,0,  1,559  
18  095  047  1001,0,0,0,0,0,0,  1,559  
18  096  048  1001,0,0,0,0,0,0,  1,560  
18  097  048  1001,0,0,0,0,0,0,  1,560  
18  098  049  1001,0,0,0,0,0,0,  1,561  
18  099  049  1001,0,0,0,0,0,0,  1,561  
18  100  050  1001,0,0,0,0,0,0,  1,562  
18  101  050  1001,0,0,0,0,0,0,  1,562  
18  102  051  1001,0,0,0,0,0,0,  1,563  
18  103  051  1001,0,0,0,0,0,0,  1,563  
18  104  052  1001,0,0,0,0,0,0,  1,564  
18  105  052  1001,0,0,0,0,0,0,  1,564  
18  106  053  1001,0,0,0,0,0,0,  1,565  
18  107  053  1001,0,0,0,0,0,0,  1,565  
18  108  054  1001,0,0,0,0,0,0,  1,566  
18  109  054  1001,0,0,0,0,0,0,  1,566  
18  110  055  1001,0,0,0,0,0,0,  1,567  
18  111  055  1001,0,0,0,0,0,0,  1,567  
18  112  056  1001,0,0,0,0,0,0,  1,568  
18  113  056  1001,0,0,0,0,0,0,  1,568  
18  114  057  1001,0,0,0,0,0,0,  1,569  
18  115  057  1001,0,0,0,0,0,0,  1,569  
18  116  058  1001,0,0,0,0,0,0,  1,570  
18  117  058  1001,0,0,0,0,0,0,  1,570  
18  118  059  1001,0,0,0,0,0,0,  1,571  
18  119  059  1001,0,0,0,0,0,0,  1,571  
18  120  060  1001,0,0,0,0,0,0,  1,572  
18  121  060  1001,0,0,0,0,0,0,  1,572  
18  122  061  1001,0,0,0,0,0,0,  1,573  
18  123  061  1001,0,0,0,0,0,0,  1,573  
18  124  062  1001,0,0,0,0,0,0,  1,574  
18  125  062  1001,0,0,0,0,0,0,  1,574  
18  126  063  1001,0,0,0,0,0,0,  1,575  
18  127  063  1001,0,0,0,0,0,0,  1,575  
19  000  000  1001,0,0,0,0,0,0,  1,704  
19  001  000  1001,0,0,0,0,0,0,  1,704  
19  002  001  1001,0,0,0,0,0,0,  1,705  
19  003  001  1001,0,0,0,0,0,0,  1,705  
19  004  002  1001,0,0,0,0,0,0,  1,706  
19  005  002  1001,0,0,0,0,0,0,  1,706  
19  006  003  1001,0,0,0,0,0,0,  1,707  
19  007  003  1001,0,0,0,0,0,0,  1,707  
19  008  004  1001,0,0,0,0,0,0,  1,708  
19  009  004  1001,0,0,0,0,0,0,  1,708  
19  010  005  1001,0,0,0,0,0,0,  1,709  
19  011  005  1001,0,0,0,0,0,0,  1,709  
19  012  006  1001,0,0,0,0,0,0,  1,710  
19  013  006  1001,0,0,0,0,0,0,  1,710  
19  014  007  1001,0,0,0,0,0,0,  1,711  
19  015  007  1001,0,0,0,0,0,0,  1,711  
19  016  008  1001,0,0,0,0,0,0,  1,712  
19  017  008  1001,0,0,0,0,0,0,  1,712  
19  018  009  1001,0,0,0,0,0,0,  1,713  
19  019  009  1001,0,0,0,0,0,0,  1,713  
19  020  010  1001,0,0,0,0,0,0,  1,714  
19  021  010  1001,0,0,0,0,0,0,  1,714  
19  022  011  1001,0,0,0,0,0,0,  1,715  
19  023  011  1001,0,0,0,0,0,0,  1,715  
19  024  012  1001,0,0,0,0,0,0,  1,716  
19  025  012  1001,0,0,0,0,0,0,  1,716  
19  026  013  1001,0,0,0,0,0,0,  1,717  
19  027  013  1001,0,0,0,0,0,0,  1,717  
19  028  014  1001,0,0,0,0,0,0,  1,718  
19  029  014  1001,0,0,0,0,0,0,  1,718  
19  030  015  1001,0,0,0,0,0,0,  1,719  
19  031  015  1001,0,0,0,0,0,0,  1,719  
19  032  016  1001,0,0,0,0,0,0,  1,720  
19  033  016  1001,0,0,0,0,0,0,  1,720  
19  034  017  1001,0,0,0,0,0,0,  1,721  
19  035  017  1001,0,0,0,0,0,0,  1,721  
19  036  018  1001,0,0,0,0,0,0,  1,722  
19  037  018  1001,0,0,0,0,0,0,  1,722  
19  038  019  1001,0,0,0,0,0,0,  1,723  
19  039  019  1001,0,0,0,0,0,0,  1,723  
19  040  020  1001,0,0,0,0,0,0,  1,724  
19  041  020  1001,0,0,0,0,0,0,  1,724  
19  042  021  1001,0,0,0,0,0,0,  1,725  
19  043  021  1001,0,0,0,0,0,0,  1,725  
19  044  022  1001,0,0,0,0,0,0,  1,726  
19  045  022  1001,0,0,0,0,0,0,  1,726  
19  046  023  1001,0,0,0,0,0,0,  1,727  
19  047  023  1001,0,0,0,0,0,0,  1,727  
19  048  024  1001,0,0,0,0,0,0,  1,728  
19  049  024  1001,0,0,0,0,0,0,  1,728  
19  050  025  1001,0,0,0,0,0,0,  1,729  
19  051  025  1001,0,0,0,0,0,0,  1,729  
19  052  026  1001,0,0,0,0,0,0,  1,730  
19  053  026  1001,0,0,0,0,0,0,  1,730  
19  054  027  1001,0,0,0,0,0,0,  1,731  
19  055  027  1001,0,0,0,0,0,0,  1,731  
19  056  028  1001,0,0,0,0,0,0,  1,732  
19  057  028  1001,0,0,0,0,0,0,  1,732  
19  058  029  1001,0,0,0,0,0,0,  1,733  
19  059  029  1001,0,0,0,0,0,0,  1,733  
19  060  030  1001,0,0,0,0,0,0,  1,734  
19  061  030  1001,0,0,0,0,0,0,  1,734  
19  062  031  1001,0,0,0,0,0,0,  1,735  
19  063  031  1001,0,0,0,0,0,0,  1,735  
19  064  032  1001,0,0,0,0,0,0,  1,736  
19  065  032  1001,0,0,0,0,0,0,  1,736  
19  066  033  1001,0,0,0,0,0,0,  1,737  
19  067  033  1001,0,0,0,0,0,0,  1,737  
19  068  034  1001,0,0,0,0,0,0,  1,738  
19  069  034  1001,0,0,0,0,0,0,  1,738  
19  070  035  1001,0,0,0,0,0,0,  1,739  
19  071  035  1001,0,0,0,0,0,0,  1,739  
19  072  036  1001,0,0,0,0,0,0,  1,740  
19  073  036  1001,0,0,0,0,0,0,  1,740  
19  074  037  1001,0,0,0,0,0,0,  1,741  
19  075  037  1001,0,0,0,0,0,0,  1,741  
19  076  038  1001,0,0,0,0,0,0,  1,742  
19  077  038  1001,0,0,0,0,0,0,  1,742  
19  078  039  1001,0,0,0,0,0,0,  1,743  
19  079  039  1001,0,0,0,0,0,0,  1,743  
19  080  040  1001,0,0,0,0,0,0,  1,744  
19  081  040  1001,0,0,0,0,0,0,  1,744  
19  082  041  1001,0,0,0,0,0,0,  1,745  
19  083  041  1001,0,0,0,0,0,0,  1,745  
19  084  042  1001,0,0,0,0,0,0,  1,746  
19  085  042  1001,0,0,0,0,0,0,  1,746  
19  086  043  1001,0,0,0,0,0,0,  1,747  
19  087  043  1001,0,0,0,0,0,0,  1,747  
19  088  044  1001,0,0,0,0,0,0,  1,748  
19  089  044  1001,0,0,0,0,0,0,  1,748  
19  090  045  1001,0,0,0,0,0,0,  1,749  
19  091  045  1001,0,0,0,0,0,0,  1,749  
19  092  046  1001,0,0,0,0,0,0,  1,750  
19  093  046  1001,0,0,0,0,0,0,  1,750  
19  094  047  1001,0,0,0,0,0,0,  1,751  
19  095  047  1001,0,0,0,0,0,0,  1,751  
19  096  048  1001,0,0,0,0,0,0,  1,752  
19  097  048  1001,0,0,0,0,0,0,  1,752  
19  098  049  1001,0,0,0,0,0,0,  1,753  
19  099  049  1001,0,0,0,0,0,0,  1,753  
19  100  050  1001,0,0,0,0,0,0,  1,754  
19  101  050  1001,0,0,0,0,0,0,  1,754  
19  102  051  1001,0,0,0,0,0,0,  1,755  
19  103  051  1001,0,0,0,0,0,0,  1,755  
19  104  052  1001,0,0,0,0,0,0,  1,756  
19  105  052  1001,0,0,0,0,0,0,  1,756  
19  106  053  1001,0,0,0,0,0,0,  1,757  
19  107  053  1001,0,0,0,0,0,0,  1,757  
19  108  054  1001,0,0,0,0,0,0,  1,758  
19  109  054  1001,0,0,0,0,0,0,  1,758  
19  110  055  1001,0,0,0,0,0,0,  1,759  
19  111  055  1001,0,0,0,0,0,0,  1,759  
19  112  056  1001,0,0,0,0,0,0,  1,760  
19  113  056  1001,0,0,0,0,0,0,  1,760  
19  114  057  1001,0,0,0,0,0,0,  1,761  
19  115  057  1001,0,0,0,0,0,0,  1,761  
19  116  058  1001,0,0,0,0,0,0,  1,762  
19  117  058  1001,0,0,0,0,0,0,  1,762  
19  118  059  1001,0,0,0,0,0,0,  1,763  
19  119  059  1001,0,0,0,0,0,0,  1,763  
19  120  060  1001,0,0,0,0,0,0,  1,764  
19  121  060  1001,0,0,0,0,0,0,  1,764  
19  122  061  1001,0,0,0,0,0,0,  1,765  
19  123  061  1001,0,0,0,0,0,0,  1,765  
19  124  062  1001,0,0,0,0,0,0,  1,766  
19  125  062  1001,0,0,0,0,0,0,  1,766  
19  126  063  1001,0,0,0,0,0,0,  1,767 
19  127  063  1001,0,0,0,0,0,0,  1,767
