VFAT    Channel    Sbit    Cluster_Counts (1-7)    Clusters (Size, Address)

00  000  007  1000,0,0,0,0,0,0,  1,007  
00  001  007  1000,0,0,0,0,0,0,  1,007  
00  002  000  1000,0,0,0,0,0,0,  1,000  
00  003  000  1000,0,0,0,0,0,0,  1,000  
00  004  001  1000,0,0,0,0,0,0,  1,001  
00  005  001  1000,0,0,0,0,0,0,  1,001  
00  006  002  1000,0,0,0,0,0,0,  1,002  
00  007  002  1000,0,0,0,0,0,0,  1,002  
00  008  003  1000,0,0,0,0,0,0,  1,003  
00  009  003  1000,0,0,0,0,0,0,  1,003  
00  010  004  1000,0,0,0,0,0,0,  1,004  
00  011  004  1000,0,0,0,0,0,0,  1,004  
00  012  005  1000,0,0,0,0,0,0,  1,005  
00  013  005  1000,0,0,0,0,0,0,  1,005  
00  014  006  1000,0,0,0,0,0,0,  1,006  
00  015  006  1000,0,0,0,0,0,0,  1,006  
00  016  015  1000,0,0,0,0,0,0,  1,015  
00  017  015  1000,0,0,0,0,0,0,  1,015  
00  018  008  1000,0,0,0,0,0,0,  1,008  
00  019  008  1000,0,0,0,0,0,0,  1,008  
00  020  009  1000,0,0,0,0,0,0,  1,009  
00  021  009  1000,0,0,0,0,0,0,  1,009  
00  022  010  1000,0,0,0,0,0,0,  1,010  
00  023  010  1000,0,0,0,0,0,0,  1,010  
00  024  011  1000,0,0,0,0,0,0,  1,011  
00  025  011  1000,0,0,0,0,0,0,  1,011  
00  026  012  1000,0,0,0,0,0,0,  1,012  
00  027  012  1000,0,0,0,0,0,0,  1,012  
00  028  013  1000,0,0,0,0,0,0,  1,013  
00  029  013  1000,0,0,0,0,0,0,  1,013  
00  030  014  1000,0,0,0,0,0,0,  1,014  
00  031  014  1000,0,0,0,0,0,0,  1,014  
00  032  023  1000,0,0,0,0,0,0,  1,023  
00  033  023  1000,0,0,0,0,0,0,  1,023  
00  034  016  1000,0,0,0,0,0,0,  1,016  
00  035  016  1000,0,0,0,0,0,0,  1,016  
00  036  017  1000,0,0,0,0,0,0,  1,017  
00  037  017  1000,0,0,0,0,0,0,  1,017  
00  038  018  1000,0,0,0,0,0,0,  1,018  
00  039  018  1000,0,0,0,0,0,0,  1,018  
00  040  019  1000,0,0,0,0,0,0,  1,019  
00  041  019  1000,0,0,0,0,0,0,  1,019  
00  042  020  1000,0,0,0,0,0,0,  1,020  
00  043  020  1000,0,0,0,0,0,0,  1,020  
00  044  021  1000,0,0,0,0,0,0,  1,021  
00  045  021  1000,0,0,0,0,0,0,  1,021  
00  046  022  1000,0,0,0,0,0,0,  1,022  
00  047  022  1000,0,0,0,0,0,0,  1,022  
00  048  031  1000,0,0,0,0,0,0,  1,031  
00  049  031  1000,0,0,0,0,0,0,  1,031  
00  050  024  1000,0,0,0,0,0,0,  1,024  
00  051  024  1000,0,0,0,0,0,0,  1,024  
00  052  025  1000,0,0,0,0,0,0,  1,025  
00  053  025  1000,0,0,0,0,0,0,  1,025  
00  054  026  1000,0,0,0,0,0,0,  1,026  
00  055  026  1000,0,0,0,0,0,0,  1,026  
00  056  027  1000,0,0,0,0,0,0,  1,027  
00  057  027  1000,0,0,0,0,0,0,  1,027  
00  058  028  1000,0,0,0,0,0,0,  1,028  
00  059  028  1000,0,0,0,0,0,0,  1,028  
00  060  029  1000,0,0,0,0,0,0,  1,029  
00  061  029  1000,0,0,0,0,0,0,  1,029  
00  062  030  1000,0,0,0,0,0,0,  1,030  
00  063  030  1000,0,0,0,0,0,0,  1,030  
00  064  039  1000,0,0,0,0,0,0,  1,039  
00  065  039  1000,0,0,0,0,0,0,  1,039  
00  066  032  1000,0,0,0,0,0,0,  1,032  
00  067  032  1000,0,0,0,0,0,0,  1,032  
00  068  033  1000,0,0,0,0,0,0,  1,033  
00  069  033  1000,0,0,0,0,0,0,  1,033  
00  070  034  1000,0,0,0,0,0,0,  1,034  
00  071  034  1000,0,0,0,0,0,0,  1,034  
00  072  035  1000,0,0,0,0,0,0,  1,035  
00  073  035  1000,0,0,0,0,0,0,  1,035  
00  074  036  1000,0,0,0,0,0,0,  1,036  
00  075  036  1000,0,0,0,0,0,0,  1,036  
00  076  037  1000,0,0,0,0,0,0,  1,037  
00  077  037  1000,0,0,0,0,0,0,  1,037  
00  078  038  1000,0,0,0,0,0,0,  1,038  
00  079  038  1000,0,0,0,0,0,0,  1,038  
00  080  047  1000,0,0,0,0,0,0,  1,047  
00  081  047  1000,0,0,0,0,0,0,  1,047  
00  082  040  1000,0,0,0,0,0,0,  1,040  
00  083  040  1000,0,0,0,0,0,0,  1,040  
00  084  041  1000,0,0,0,0,0,0,  1,041  
00  085  041  1000,0,0,0,0,0,0,  1,041  
00  086  042  1000,0,0,0,0,0,0,  1,042  
00  087  042  1000,0,0,0,0,0,0,  1,042  
00  088  043  1000,0,0,0,0,0,0,  1,043  
00  089  043  1000,0,0,0,0,0,0,  1,043  
00  090  044  1000,0,0,0,0,0,0,  1,044  
00  091  044  1000,0,0,0,0,0,0,  1,044  
00  092  045  1000,0,0,0,0,0,0,  1,045  
00  093  045  1000,0,0,0,0,0,0,  1,045  
00  094  046  1000,0,0,0,0,0,0,  1,046  
00  095  046  1000,0,0,0,0,0,0,  1,046  
00  096  055  1000,0,0,0,0,0,0,  1,055  
00  097  055  1000,0,0,0,0,0,0,  1,055  
00  098  048  1000,0,0,0,0,0,0,  1,048  
00  099  048  1000,0,0,0,0,0,0,  1,048  
00  100  049  1000,0,0,0,0,0,0,  1,049  
00  101  049  1000,0,0,0,0,0,0,  1,049  
00  102  050  1000,0,0,0,0,0,0,  1,050  
00  103  050  1000,0,0,0,0,0,0,  1,050  
00  104  051  1000,0,0,0,0,0,0,  1,051  
00  105  051  1000,0,0,0,0,0,0,  1,051  
00  106  052  1000,0,0,0,0,0,0,  1,052  
00  107  052  1000,0,0,0,0,0,0,  1,052  
00  108  053  1000,0,0,0,0,0,0,  1,053  
00  109  053  1000,0,0,0,0,0,0,  1,053  
00  110  054  1000,0,0,0,0,0,0,  1,054  
00  111  054  1000,0,0,0,0,0,0,  1,054  
00  112  063  1000,0,0,0,0,0,0,  1,063  
00  113  063  1000,0,0,0,0,0,0,  1,063  
00  114  056  1000,0,0,0,0,0,0,  1,056  
00  115  056  1000,0,0,0,0,0,0,  1,056  
00  116  057  1000,0,0,0,0,0,0,  1,057  
00  117  057  1000,0,0,0,0,0,0,  1,057  
00  118  058  1000,0,0,0,0,0,0,  1,058  
00  119  058  1000,0,0,0,0,0,0,  1,058  
00  120  059  1000,0,0,0,0,0,0,  1,059  
00  121  059  1000,0,0,0,0,0,0,  1,059  
00  122  060  1000,0,0,0,0,0,0,  1,060  
00  123  060  1000,0,0,0,0,0,0,  1,060  
00  124  061  1000,0,0,0,0,0,0,  1,061  
00  125  061  1000,0,0,0,0,0,0,  1,061  
00  126  062  1000,0,0,0,0,0,0,  1,062  
00  127  062  1000,0,0,0,0,0,0,  1,062  
01  000  007  1000,0,0,0,0,0,0,  1,199  
01  001  007  1000,0,0,0,0,0,0,  1,199  
01  002  000  1000,0,0,0,0,0,0,  1,192  
01  003  000  1000,0,0,0,0,0,0,  1,192  
01  004  001  1000,0,0,0,0,0,0,  1,193  
01  005  001  1000,0,0,0,0,0,0,  1,193  
01  006  002  1000,0,0,0,0,0,0,  1,194  
01  007  002  1000,0,0,0,0,0,0,  1,194  
01  008  003  1000,0,0,0,0,0,0,  1,195  
01  009  003  1000,0,0,0,0,0,0,  1,195  
01  010  004  1000,0,0,0,0,0,0,  1,196  
01  011  004  1000,0,0,0,0,0,0,  1,196  
01  012  005  1000,0,0,0,0,0,0,  1,197  
01  013  005  1000,0,0,0,0,0,0,  1,197  
01  014  006  1000,0,0,0,0,0,0,  1,198  
01  015  006  1000,0,0,0,0,0,0,  1,198  
01  016  015  1000,0,0,0,0,0,0,  1,207  
01  017  015  1000,0,0,0,0,0,0,  1,207  
01  018  008  1000,0,0,0,0,0,0,  1,200  
01  019  008  1000,0,0,0,0,0,0,  1,200  
01  020  009  1000,0,0,0,0,0,0,  1,201  
01  021  009  1000,0,0,0,0,0,0,  1,201  
01  022  010  1000,0,0,0,0,0,0,  1,202  
01  023  010  1000,0,0,0,0,0,0,  1,202  
01  024  011  1000,0,0,0,0,0,0,  1,203  
01  025  011  1000,0,0,0,0,0,0,  1,203  
01  026  012  1000,0,0,0,0,0,0,  1,204  
01  027  012  1000,0,0,0,0,0,0,  1,204  
01  028  013  1000,0,0,0,0,0,0,  1,205  
01  029  013  1000,0,0,0,0,0,0,  1,205  
01  030  014  1000,0,0,0,0,0,0,  1,206  
01  031  014  1000,0,0,0,0,0,0,  1,206  
01  032  023  1000,0,0,0,0,0,0,  1,215  
01  033  023  1000,0,0,0,0,0,0,  1,215  
01  034  016  1000,0,0,0,0,0,0,  1,208  
01  035  016  1000,0,0,0,0,0,0,  1,208  
01  036  017  1000,0,0,0,0,0,0,  1,209  
01  037  017  1000,0,0,0,0,0,0,  1,209  
01  038  018  1000,0,0,0,0,0,0,  1,210  
01  039  018  1000,0,0,0,0,0,0,  1,210  
01  040  019  1000,0,0,0,0,0,0,  1,211  
01  041  019  1000,0,0,0,0,0,0,  1,211  
01  042  020  1000,0,0,0,0,0,0,  1,212  
01  043  020  1000,0,0,0,0,0,0,  1,212  
01  044  021  1000,0,0,0,0,0,0,  1,213  
01  045  021  1000,0,0,0,0,0,0,  1,213  
01  046  022  1000,0,0,0,0,0,0,  1,214  
01  047  022  1000,0,0,0,0,0,0,  1,214  
01  048  031  1000,0,0,0,0,0,0,  1,223  
01  049  031  1000,0,0,0,0,0,0,  1,223  
01  050  024  1000,0,0,0,0,0,0,  1,216  
01  051  024  1000,0,0,0,0,0,0,  1,216  
01  052  025  1000,0,0,0,0,0,0,  1,217  
01  053  025  1000,0,0,0,0,0,0,  1,217  
01  054  026  1000,0,0,0,0,0,0,  1,218  
01  055  026  1000,0,0,0,0,0,0,  1,218  
01  056  027  1000,0,0,0,0,0,0,  1,219  
01  057  027  1000,0,0,0,0,0,0,  1,219  
01  058  028  1000,0,0,0,0,0,0,  1,220  
01  059  028  1000,0,0,0,0,0,0,  1,220  
01  060  029  1000,0,0,0,0,0,0,  1,221  
01  061  029  1000,0,0,0,0,0,0,  1,221  
01  062  030  1000,0,0,0,0,0,0,  1,222  
01  063  030  1000,0,0,0,0,0,0,  1,222  
01  064  039  1000,0,0,0,0,0,0,  1,231  
01  065  039  1000,0,0,0,0,0,0,  1,231  
01  066  032  1000,0,0,0,0,0,0,  1,224  
01  067  032  1000,0,0,0,0,0,0,  1,224  
01  068  033  1000,0,0,0,0,0,0,  1,225  
01  069  033  1000,0,0,0,0,0,0,  1,225  
01  070  034  1000,0,0,0,0,0,0,  1,226  
01  071  034  1000,0,0,0,0,0,0,  1,226  
01  072  035  1000,0,0,0,0,0,0,  1,227  
01  073  035  1000,0,0,0,0,0,0,  1,227  
01  074  036  1000,0,0,0,0,0,0,  1,228  
01  075  036  1000,0,0,0,0,0,0,  1,228  
01  076  037  1000,0,0,0,0,0,0,  1,229  
01  077  037  1000,0,0,0,0,0,0,  1,229  
01  078  038  1000,0,0,0,0,0,0,  1,230  
01  079  038  1000,0,0,0,0,0,0,  1,230  
01  080  047  1000,0,0,0,0,0,0,  1,239  
01  081  047  1000,0,0,0,0,0,0,  1,239  
01  082  040  1000,0,0,0,0,0,0,  1,232  
01  083  040  1000,0,0,0,0,0,0,  1,232  
01  084  041  1000,0,0,0,0,0,0,  1,233  
01  085  041  1000,0,0,0,0,0,0,  1,233  
01  086  042  1000,0,0,0,0,0,0,  1,234  
01  087  042  1000,0,0,0,0,0,0,  1,234  
01  088  043  1000,0,0,0,0,0,0,  1,235  
01  089  043  1000,0,0,0,0,0,0,  1,235  
01  090  044  1000,0,0,0,0,0,0,  1,236  
01  091  044  1000,0,0,0,0,0,0,  1,236  
01  092  045  1000,0,0,0,0,0,0,  1,237  
01  093  045  1000,0,0,0,0,0,0,  1,237  
01  094  046  1000,0,0,0,0,0,0,  1,238  
01  095  046  1000,0,0,0,0,0,0,  1,238  
01  096  055  1000,0,0,0,0,0,0,  1,247  
01  097  055  1000,0,0,0,0,0,0,  1,247  
01  098  048  1000,0,0,0,0,0,0,  1,240  
01  099  048  1000,0,0,0,0,0,0,  1,240  
01  100  049  1000,0,0,0,0,0,0,  1,241  
01  101  049  1000,0,0,0,0,0,0,  1,241  
01  102  050  1000,0,0,0,0,0,0,  1,242  
01  103  050  1000,0,0,0,0,0,0,  1,242  
01  104  051  1000,0,0,0,0,0,0,  1,243  
01  105  051  1000,0,0,0,0,0,0,  1,243  
01  106  052  1000,0,0,0,0,0,0,  1,244  
01  107  052  1000,0,0,0,0,0,0,  1,244  
01  108  053  1000,0,0,0,0,0,0,  1,245  
01  109  053  1000,0,0,0,0,0,0,  1,245  
01  110  054  1000,0,0,0,0,0,0,  1,246  
01  111  054  1000,0,0,0,0,0,0,  1,246  
01  112  063  1000,0,0,0,0,0,0,  1,255  
01  113  063  1000,0,0,0,0,0,0,  1,255  
01  114  056  1000,0,0,0,0,0,0,  1,248  
01  115  056  1000,0,0,0,0,0,0,  1,248  
01  116  057  1000,0,0,0,0,0,0,  1,249  
01  117  057  1000,0,0,0,0,0,0,  1,249  
01  118  058  1000,0,0,0,0,0,0,  1,250  
01  119  058  1000,0,0,0,0,0,0,  1,250  
01  120  059  1000,0,0,0,0,0,0,  1,251  
01  121  059  1000,0,0,0,0,0,0,  1,251  
01  122  060  1000,0,0,0,0,0,0,  1,252  
01  123  060  1000,0,0,0,0,0,0,  1,252  
01  124  061  1000,0,0,0,0,0,0,  1,253  
01  125  061  1000,0,0,0,0,0,0,  1,253  
01  126  062  1000,0,0,0,0,0,0,  1,254  
01  127  062  1000,0,0,0,0,0,0,  1,254  
02  000  007  1000,0,0,0,0,0,0,  1,391  
02  001  007  1000,0,0,0,0,0,0,  1,391  
02  002  000  1000,0,0,0,0,0,0,  1,384  
02  003  000  1000,0,0,0,0,0,0,  1,384  
02  004  001  1000,0,0,0,0,0,0,  1,385  
02  005  001  1000,0,0,0,0,0,0,  1,385  
02  006  002  1000,0,0,0,0,0,0,  1,386  
02  007  002  1000,0,0,0,0,0,0,  1,386  
02  008  003  1000,0,0,0,0,0,0,  1,387  
02  009  003  1000,0,0,0,0,0,0,  1,387  
02  010  004  1000,0,0,0,0,0,0,  1,388  
02  011  004  1000,0,0,0,0,0,0,  1,388  
02  012  005  1000,0,0,0,0,0,0,  1,389  
02  013  005  1000,0,0,0,0,0,0,  1,389  
02  014  006  1000,0,0,0,0,0,0,  1,390  
02  015  006  1000,0,0,0,0,0,0,  1,390  
02  016  015  1000,0,0,0,0,0,0,  1,399  
02  017  015  1000,0,0,0,0,0,0,  1,399  
02  018  008  1000,0,0,0,0,0,0,  1,392  
02  019  008  1000,0,0,0,0,0,0,  1,392  
02  020  009  1000,0,0,0,0,0,0,  1,393  
02  021  009  1000,0,0,0,0,0,0,  1,393  
02  022  010  1000,0,0,0,0,0,0,  1,394  
02  023  010  1000,0,0,0,0,0,0,  1,394  
02  024  011  1000,0,0,0,0,0,0,  1,395  
02  025  011  1000,0,0,0,0,0,0,  1,395  
02  026  012  1000,0,0,0,0,0,0,  1,396  
02  027  012  1000,0,0,0,0,0,0,  1,396  
02  028  013  1000,0,0,0,0,0,0,  1,397  
02  029  013  1000,0,0,0,0,0,0,  1,397  
02  030  014  1000,0,0,0,0,0,0,  1,398  
02  031  014  1000,0,0,0,0,0,0,  1,398  
02  032  023  1000,0,0,0,0,0,0,  1,407  
02  033  023  1000,0,0,0,0,0,0,  1,407  
02  034  016  1000,0,0,0,0,0,0,  1,400  
02  035  016  1000,0,0,0,0,0,0,  1,400  
02  036  017  1000,0,0,0,0,0,0,  1,401  
02  037  017  1000,0,0,0,0,0,0,  1,401  
02  038  018  1000,0,0,0,0,0,0,  1,402  
02  039  018  1000,0,0,0,0,0,0,  1,402  
02  040  019  1000,0,0,0,0,0,0,  1,403  
02  041  019  1000,0,0,0,0,0,0,  1,403  
02  042  020  1000,0,0,0,0,0,0,  1,404  
02  043  020  1000,0,0,0,0,0,0,  1,404  
02  044  021  1000,0,0,0,0,0,0,  1,405  
02  045  021  1000,0,0,0,0,0,0,  1,405  
02  046  022  1000,0,0,0,0,0,0,  1,406  
02  047  022  1000,0,0,0,0,0,0,  1,406  
02  048  031  1000,0,0,0,0,0,0,  1,415  
02  049  031  1000,0,0,0,0,0,0,  1,415  
02  050  024  1000,0,0,0,0,0,0,  1,408  
02  051  024  1000,0,0,0,0,0,0,  1,408  
02  052  025  1000,0,0,0,0,0,0,  1,409  
02  053  025  1000,0,0,0,0,0,0,  1,409  
02  054  026  1000,0,0,0,0,0,0,  1,410  
02  055  026  1000,0,0,0,0,0,0,  1,410  
02  056  027  1000,0,0,0,0,0,0,  1,411  
02  057  027  1000,0,0,0,0,0,0,  1,411  
02  058  028  1000,0,0,0,0,0,0,  1,412  
02  059  028  1000,0,0,0,0,0,0,  1,412  
02  060  029  1000,0,0,0,0,0,0,  1,413  
02  061  029  1000,0,0,0,0,0,0,  1,413  
02  062  030  1000,0,0,0,0,0,0,  1,414  
02  063  030  1000,0,0,0,0,0,0,  1,414  
02  064  039  1000,0,0,0,0,0,0,  1,423  
02  065  039  1000,0,0,0,0,0,0,  1,423  
02  066  032  1000,0,0,0,0,0,0,  1,416  
02  067  032  1000,0,0,0,0,0,0,  1,416  
02  068  033  1000,0,0,0,0,0,0,  1,417  
02  069  033  1000,0,0,0,0,0,0,  1,417  
02  070  034  1000,0,0,0,0,0,0,  1,418  
02  071  034  1000,0,0,0,0,0,0,  1,418  
02  072  035  1000,0,0,0,0,0,0,  1,419  
02  073  035  1000,0,0,0,0,0,0,  1,419  
02  074  036  1000,0,0,0,0,0,0,  1,420  
02  075  036  1000,0,0,0,0,0,0,  1,420  
02  076  037  1000,0,0,0,0,0,0,  1,421  
02  077  037  1000,0,0,0,0,0,0,  1,421  
02  078  038  1000,0,0,0,0,0,0,  1,422  
02  079  038  1000,0,0,0,0,0,0,  1,422  
02  080  047  1000,0,0,0,0,0,0,  1,431  
02  081  047  1000,0,0,0,0,0,0,  1,431  
02  082  040  1000,0,0,0,0,0,0,  1,424  
02  083  040  1000,0,0,0,0,0,0,  1,424  
02  084  041  1000,0,0,0,0,0,0,  1,425  
02  085  041  1000,0,0,0,0,0,0,  1,425  
02  086  042  1000,0,0,0,0,0,0,  1,426  
02  087  042  1000,0,0,0,0,0,0,  1,426  
02  088  043  1000,0,0,0,0,0,0,  1,427  
02  089  043  1000,0,0,0,0,0,0,  1,427  
02  090  044  1000,0,0,0,0,0,0,  1,428  
02  091  044  1000,0,0,0,0,0,0,  1,428  
02  092  045  1000,0,0,0,0,0,0,  1,429  
02  093  045  1000,0,0,0,0,0,0,  1,429  
02  094  046  1000,0,0,0,0,0,0,  1,430  
02  095  046  1000,0,0,0,0,0,0,  1,430  
02  096  055  1000,0,0,0,0,0,0,  1,439  
02  097  055  1000,0,0,0,0,0,0,  1,439  
02  098  048  1000,0,0,0,0,0,0,  1,432  
02  099  048  1000,0,0,0,0,0,0,  1,432  
02  100  049  1000,0,0,0,0,0,0,  1,433  
02  101  049  1000,0,0,0,0,0,0,  1,433  
02  102  050  1000,0,0,0,0,0,0,  1,434  
02  103  050  1000,0,0,0,0,0,0,  1,434  
02  104  051  1000,0,0,0,0,0,0,  1,435  
02  105  051  1000,0,0,0,0,0,0,  1,435  
02  106  052  1000,0,0,0,0,0,0,  1,436  
02  107  052  1000,0,0,0,0,0,0,  1,436  
02  108  053  1000,0,0,0,0,0,0,  1,437  
02  109  053  1000,0,0,0,0,0,0,  1,437  
02  110  054  1000,0,0,0,0,0,0,  1,438  
02  111  054  1000,0,0,0,0,0,0,  1,438  
02  112  063  1000,0,0,0,0,0,0,  1,447  
02  113  063  1000,0,0,0,0,0,0,  1,447  
02  114  056  1000,0,0,0,0,0,0,  1,440  
02  115  056  1000,0,0,0,0,0,0,  1,440  
02  116  057  1000,0,0,0,0,0,0,  1,441  
02  117  057  1000,0,0,0,0,0,0,  1,441  
02  118  058  1000,0,0,0,0,0,0,  1,442  
02  119  058  1000,0,0,0,0,0,0,  1,442  
02  120  059  1000,0,0,0,0,0,0,  1,443  
02  121  059  1000,0,0,0,0,0,0,  1,443  
02  122  060  1000,0,0,0,0,0,0,  1,444  
02  123  060  1000,0,0,0,0,0,0,  1,444  
02  124  061  1000,0,0,0,0,0,0,  1,445  
02  125  061  1000,0,0,0,0,0,0,  1,445  
02  126  062  1000,0,0,0,0,0,0,  1,446  
02  127  062  1000,0,0,0,0,0,0,  1,446  
03  000  007  1000,0,0,0,0,0,0,  1,583  
03  001  007  1000,0,0,0,0,0,0,  1,583  
03  002  000  1000,0,0,0,0,0,0,  1,576  
03  003  000  1000,0,0,0,0,0,0,  1,576  
03  004  001  1000,0,0,0,0,0,0,  1,577  
03  005  001  1000,0,0,0,0,0,0,  1,577  
03  006  002  1000,0,0,0,0,0,0,  1,578  
03  007  002  1000,0,0,0,0,0,0,  1,578  
03  008  003  1000,0,0,0,0,0,0,  1,579  
03  009  003  1000,0,0,0,0,0,0,  1,579  
03  010  004  1000,0,0,0,0,0,0,  1,580  
03  011  004  1000,0,0,0,0,0,0,  1,580  
03  012  005  1000,0,0,0,0,0,0,  1,581  
03  013  005  1000,0,0,0,0,0,0,  1,581  
03  014  006  1000,0,0,0,0,0,0,  1,582  
03  015  006  1000,0,0,0,0,0,0,  1,582  
03  016  015  1000,0,0,0,0,0,0,  1,591  
03  017  015  1000,0,0,0,0,0,0,  1,591  
03  018  008  1000,0,0,0,0,0,0,  1,584  
03  019  008  1000,0,0,0,0,0,0,  1,584  
03  020  009  1000,0,0,0,0,0,0,  1,585  
03  021  009  1000,0,0,0,0,0,0,  1,585  
03  022  010  1000,0,0,0,0,0,0,  1,586  
03  023  010  1000,0,0,0,0,0,0,  1,586  
03  024  011  1000,0,0,0,0,0,0,  1,587  
03  025  011  1000,0,0,0,0,0,0,  1,587  
03  026  012  1000,0,0,0,0,0,0,  1,588  
03  027  012  1000,0,0,0,0,0,0,  1,588  
03  028  013  1000,0,0,0,0,0,0,  1,589  
03  029  013  1000,0,0,0,0,0,0,  1,589  
03  030  014  1000,0,0,0,0,0,0,  1,590  
03  031  014  1000,0,0,0,0,0,0,  1,590  
03  032  023  1000,0,0,0,0,0,0,  1,599  
03  033  023  1000,0,0,0,0,0,0,  1,599  
03  034  016  1000,0,0,0,0,0,0,  1,592  
03  035  016  1000,0,0,0,0,0,0,  1,592  
03  036  017  1000,0,0,0,0,0,0,  1,593  
03  037  017  1000,0,0,0,0,0,0,  1,593  
03  038  018  1000,0,0,0,0,0,0,  1,594  
03  039  018  1000,0,0,0,0,0,0,  1,594  
03  040  019  1000,0,0,0,0,0,0,  1,595  
03  041  019  1000,0,0,0,0,0,0,  1,595  
03  042  020  1000,0,0,0,0,0,0,  1,596  
03  043  020  1000,0,0,0,0,0,0,  1,596  
03  044  021  1000,0,0,0,0,0,0,  1,597  
03  045  021  1000,0,0,0,0,0,0,  1,597  
03  046  022  1000,0,0,0,0,0,0,  1,598  
03  047  022  1000,0,0,0,0,0,0,  1,598  
03  048  031  1000,0,0,0,0,0,0,  1,607  
03  049  031  1000,0,0,0,0,0,0,  1,607  
03  050  024  1000,0,0,0,0,0,0,  1,600  
03  051  024  1000,0,0,0,0,0,0,  1,600  
03  052  025  1000,0,0,0,0,0,0,  1,601  
03  053  025  1000,0,0,0,0,0,0,  1,601  
03  054  026  1000,0,0,0,0,0,0,  1,602  
03  055  026  1000,0,0,0,0,0,0,  1,602  
03  056  027  1000,0,0,0,0,0,0,  1,603  
03  057  027  1000,0,0,0,0,0,0,  1,603  
03  058  028  1000,0,0,0,0,0,0,  1,604  
03  059  028  1000,0,0,0,0,0,0,  1,604  
03  060  029  1000,0,0,0,0,0,0,  1,605  
03  061  029  1000,0,0,0,0,0,0,  1,605  
03  062  030  1000,0,0,0,0,0,0,  1,606  
03  063  030  1000,0,0,0,0,0,0,  1,606  
03  064  039  1000,0,0,0,0,0,0,  1,615  
03  065  039  1000,0,0,0,0,0,0,  1,615  
03  066  032  1000,0,0,0,0,0,0,  1,608  
03  067  032  1000,0,0,0,0,0,0,  1,608  
03  068  033  1000,0,0,0,0,0,0,  1,609  
03  069  033  1000,0,0,0,0,0,0,  1,609  
03  070  034  1000,0,0,0,0,0,0,  1,610  
03  071  034  1000,0,0,0,0,0,0,  1,610  
03  072  035  1000,0,0,0,0,0,0,  1,611  
03  073  035  1000,0,0,0,0,0,0,  1,611  
03  074  036  1000,0,0,0,0,0,0,  1,612  
03  075  036  1000,0,0,0,0,0,0,  1,612  
03  076  037  1000,0,0,0,0,0,0,  1,613  
03  077  037  1000,0,0,0,0,0,0,  1,613  
03  078  038  1000,0,0,0,0,0,0,  1,614  
03  079  038  1000,0,0,0,0,0,0,  1,614  
03  080  047  1000,0,0,0,0,0,0,  1,623  
03  081  047  1000,0,0,0,0,0,0,  1,623  
03  082  040  1000,0,0,0,0,0,0,  1,616  
03  083  040  1000,0,0,0,0,0,0,  1,616  
03  084  041  1000,0,0,0,0,0,0,  1,617  
03  085  041  1000,0,0,0,0,0,0,  1,617  
03  086  042  1000,0,0,0,0,0,0,  1,618  
03  087  042  1000,0,0,0,0,0,0,  1,618  
03  088  043  1000,0,0,0,0,0,0,  1,619  
03  089  043  1000,0,0,0,0,0,0,  1,619  
03  090  044  1000,0,0,0,0,0,0,  1,620  
03  091  044  1000,0,0,0,0,0,0,  1,620  
03  092  045  1000,0,0,0,0,0,0,  1,621  
03  093  045  1000,0,0,0,0,0,0,  1,621  
03  094  046  1000,0,0,0,0,0,0,  1,622  
03  095  046  1000,0,0,0,0,0,0,  1,622  
03  096  055  1000,0,0,0,0,0,0,  1,631  
03  097  055  1000,0,0,0,0,0,0,  1,631  
03  098  048  1000,0,0,0,0,0,0,  1,624  
03  099  048  1000,0,0,0,0,0,0,  1,624  
03  100  049  1000,0,0,0,0,0,0,  1,625  
03  101  049  1000,0,0,0,0,0,0,  1,625  
03  102  050  1000,0,0,0,0,0,0,  1,626  
03  103  050  1000,0,0,0,0,0,0,  1,626  
03  104  051  1000,0,0,0,0,0,0,  1,627  
03  105  051  1000,0,0,0,0,0,0,  1,627  
03  106  052  1000,0,0,0,0,0,0,  1,628  
03  107  052  1000,0,0,0,0,0,0,  1,628  
03  108  053  1000,0,0,0,0,0,0,  1,629  
03  109  053  1000,0,0,0,0,0,0,  1,629  
03  110  054  1000,0,0,0,0,0,0,  1,630  
03  111  054  1000,0,0,0,0,0,0,  1,630  
03  112  063  1000,0,0,0,0,0,0,  1,639  
03  113  063  1000,0,0,0,0,0,0,  1,639  
03  114  056  1000,0,0,0,0,0,0,  1,632  
03  115  056  1000,0,0,0,0,0,0,  1,632  
03  116  057  1000,0,0,0,0,0,0,  1,633  
03  117  057  1000,0,0,0,0,0,0,  1,633  
03  118  058  1000,0,0,0,0,0,0,  1,634  
03  119  058  1000,0,0,0,0,0,0,  1,634  
03  120  059  1000,0,0,0,0,0,0,  1,635  
03  121  059  1000,0,0,0,0,0,0,  1,635  
03  122  060  1000,0,0,0,0,0,0,  1,636  
03  123  060  1000,0,0,0,0,0,0,  1,636  
03  124  061  1000,0,0,0,0,0,0,  1,637  
03  125  061  1000,0,0,0,0,0,0,  1,637  
03  126  062  1000,0,0,0,0,0,0,  1,638  
03  127  062  1000,0,0,0,0,0,0,  1,638  
08  000  007  1000,0,0,0,0,0,0,  1,071  
08  001  007  1000,0,0,0,0,0,0,  1,071  
08  002  000  1000,0,0,0,0,0,0,  1,064  
08  003  000  1000,0,0,0,0,0,0,  1,064  
08  004  001  1000,0,0,0,0,0,0,  1,065  
08  005  001  1000,0,0,0,0,0,0,  1,065  
08  006  002  1000,0,0,0,0,0,0,  1,066  
08  007  002  1000,0,0,0,0,0,0,  1,066  
08  008  003  1000,0,0,0,0,0,0,  1,067  
08  009  003  1000,0,0,0,0,0,0,  1,067  
08  010  004  1000,0,0,0,0,0,0,  1,068  
08  011  004  1000,0,0,0,0,0,0,  1,068  
08  012  005  1000,0,0,0,0,0,0,  1,069  
08  013  005  1000,0,0,0,0,0,0,  1,069  
08  014  006  1000,0,0,0,0,0,0,  1,070  
08  015  006  1000,0,0,0,0,0,0,  1,070  
08  016  015  1000,0,0,0,0,0,0,  1,079  
08  017  015  1000,0,0,0,0,0,0,  1,079  
08  018  008  1000,0,0,0,0,0,0,  1,072  
08  019  008  1000,0,0,0,0,0,0,  1,072  
08  020  009  1000,0,0,0,0,0,0,  1,073  
08  021  009  1000,0,0,0,0,0,0,  1,073  
08  022  010  1000,0,0,0,0,0,0,  1,074  
08  023  010  1000,0,0,0,0,0,0,  1,074  
08  024  011  1000,0,0,0,0,0,0,  1,075  
08  025  011  1000,0,0,0,0,0,0,  1,075  
08  026  012  1000,0,0,0,0,0,0,  1,076  
08  027  012  1000,0,0,0,0,0,0,  1,076  
08  028  013  1000,0,0,0,0,0,0,  1,077  
08  029  013  1000,0,0,0,0,0,0,  1,077  
08  030  014  1000,0,0,0,0,0,0,  1,078  
08  031  014  1000,0,0,0,0,0,0,  1,078  
08  032  023  1000,0,0,0,0,0,0,  1,087  
08  033  023  1000,0,0,0,0,0,0,  1,087  
08  034  016  1000,0,0,0,0,0,0,  1,080  
08  035  016  1000,0,0,0,0,0,0,  1,080  
08  036  017  1000,0,0,0,0,0,0,  1,081  
08  037  017  1000,0,0,0,0,0,0,  1,081  
08  038  018  1000,0,0,0,0,0,0,  1,082  
08  039  018  1000,0,0,0,0,0,0,  1,082  
08  040  019  1000,0,0,0,0,0,0,  1,083  
08  041  019  1000,0,0,0,0,0,0,  1,083  
08  042  020  1000,0,0,0,0,0,0,  1,084  
08  043  020  1000,0,0,0,0,0,0,  1,084  
08  044  021  1000,0,0,0,0,0,0,  1,085  
08  045  021  1000,0,0,0,0,0,0,  1,085  
08  046  022  1000,0,0,0,0,0,0,  1,086  
08  047  022  1000,0,0,0,0,0,0,  1,086  
08  048  031  1000,0,0,0,0,0,0,  1,095  
08  049  031  1000,0,0,0,0,0,0,  1,095  
08  050  024  1000,0,0,0,0,0,0,  1,088  
08  051  024  1000,0,0,0,0,0,0,  1,088  
08  052  025  1000,0,0,0,0,0,0,  1,089  
08  053  025  1000,0,0,0,0,0,0,  1,089  
08  054  026  1000,0,0,0,0,0,0,  1,090  
08  055  026  1000,0,0,0,0,0,0,  1,090  
08  056  027  1000,0,0,0,0,0,0,  1,091  
08  057  027  1000,0,0,0,0,0,0,  1,091  
08  058  028  1000,0,0,0,0,0,0,  1,092  
08  059  028  1000,0,0,0,0,0,0,  1,092  
08  060  029  1000,0,0,0,0,0,0,  1,093  
08  061  029  1000,0,0,0,0,0,0,  1,093  
08  062  030  1000,0,0,0,0,0,0,  1,094  
08  063  030  1000,0,0,0,0,0,0,  1,094  
08  064  039  1000,0,0,0,0,0,0,  1,103  
08  065  039  1000,0,0,0,0,0,0,  1,103  
08  066  032  1000,0,0,0,0,0,0,  1,096  
08  067  032  1000,0,0,0,0,0,0,  1,096  
08  068  033  1000,0,0,0,0,0,0,  1,097  
08  069  033  1000,0,0,0,0,0,0,  1,097  
08  070  034  1000,0,0,0,0,0,0,  1,098  
08  071  034  1000,0,0,0,0,0,0,  1,098  
08  072  035  1000,0,0,0,0,0,0,  1,099  
08  073  035  1000,0,0,0,0,0,0,  1,099  
08  074  036  1000,0,0,0,0,0,0,  1,100  
08  075  036  1000,0,0,0,0,0,0,  1,100  
08  076  037  1000,0,0,0,0,0,0,  1,101  
08  077  037  1000,0,0,0,0,0,0,  1,101  
08  078  038  1000,0,0,0,0,0,0,  1,102  
08  079  038  1000,0,0,0,0,0,0,  1,102  
08  080  047  1000,0,0,0,0,0,0,  1,111  
08  081  047  1000,0,0,0,0,0,0,  1,111  
08  082  040  1000,0,0,0,0,0,0,  1,104  
08  083  040  1000,0,0,0,0,0,0,  1,104  
08  084  041  1000,0,0,0,0,0,0,  1,105  
08  085  041  1000,0,0,0,0,0,0,  1,105  
08  086  042  1000,0,0,0,0,0,0,  1,106  
08  087  042  1000,0,0,0,0,0,0,  1,106  
08  088  043  1000,0,0,0,0,0,0,  1,107  
08  089  043  1000,0,0,0,0,0,0,  1,107  
08  090  044  1000,0,0,0,0,0,0,  1,108  
08  091  044  1000,0,0,0,0,0,0,  1,108  
08  092  045  1000,0,0,0,0,0,0,  1,109  
08  093  045  1000,0,0,0,0,0,0,  1,109  
08  094  046  1000,0,0,0,0,0,0,  1,110  
08  095  046  1000,0,0,0,0,0,0,  1,110  
08  096  055  1000,0,0,0,0,0,0,  1,119  
08  097  055  1000,0,0,0,0,0,0,  1,119  
08  098  048  1000,0,0,0,0,0,0,  1,112  
08  099  048  1000,0,0,0,0,0,0,  1,112  
08  100  049  1000,0,0,0,0,0,0,  1,113  
08  101  049  1000,0,0,0,0,0,0,  1,113  
08  102  050  1000,0,0,0,0,0,0,  1,114  
08  103  050  1000,0,0,0,0,0,0,  1,114  
08  104  051  1000,0,0,0,0,0,0,  1,115  
08  105  051  1000,0,0,0,0,0,0,  1,115  
08  106  052  1000,0,0,0,0,0,0,  1,116  
08  107  052  1000,0,0,0,0,0,0,  1,116  
08  108  053  1000,0,0,0,0,0,0,  1,117  
08  109  053  1000,0,0,0,0,0,0,  1,117  
08  110  054  1000,0,0,0,0,0,0,  1,118  
08  111  054  1000,0,0,0,0,0,0,  1,118  
08  112  063  1000,0,0,0,0,0,0,  1,127  
08  113  063  1000,0,0,0,0,0,0,  1,127  
08  114  056  1000,0,0,0,0,0,0,  1,120  
08  115  056  1000,0,0,0,0,0,0,  1,120  
08  116  057  1000,0,0,0,0,0,0,  1,121  
08  117  057  1000,0,0,0,0,0,0,  1,121  
08  118  058  1000,0,0,0,0,0,0,  1,122  
08  119  058  1000,0,0,0,0,0,0,  1,122  
08  120  059  1000,0,0,0,0,0,0,  1,123  
08  121  059  1000,0,0,0,0,0,0,  1,123  
08  122  060  1000,0,0,0,0,0,0,  1,124  
08  123  060  1000,0,0,0,0,0,0,  1,124  
08  124  061  1000,0,0,0,0,0,0,  1,125  
08  125  061  1000,0,0,0,0,0,0,  1,125  
08  126  062  1000,0,0,0,0,0,0,  1,126  
08  127  062  1000,0,0,0,0,0,0,  1,126  
09  000  005  1000,0,0,0,0,0,0,  1,261  
09  001  005  1000,0,0,0,0,0,0,  1,261  
09  002  006  1000,0,0,0,0,0,0,  1,262  
09  003  006  1000,0,0,0,0,0,0,  1,262  
09  004  007  1000,0,0,0,0,0,0,  1,263  
09  005  007  1000,0,0,0,0,0,0,  1,263  
09  006  000  1000,0,0,0,0,0,0,  1,256  
09  007  000  1000,0,0,0,0,0,0,  1,256  
09  008  001  1000,0,0,0,0,0,0,  1,257  
09  009  001  1000,0,0,0,0,0,0,  1,257  
09  010  002  1000,0,0,0,0,0,0,  1,258  
09  011  002  1000,0,0,0,0,0,0,  1,258  
09  012  003  1000,0,0,0,0,0,0,  1,259  
09  013  003  1000,0,0,0,0,0,0,  1,259  
09  014  004  1000,0,0,0,0,0,0,  1,260  
09  015  004  1000,0,0,0,0,0,0,  1,260  
09  016  013  1000,0,0,0,0,0,0,  1,269  
09  017  013  1000,0,0,0,0,0,0,  1,269  
09  018  014  1000,0,0,0,0,0,0,  1,270  
09  019  014  1000,0,0,0,0,0,0,  1,270  
09  020  015  1000,0,0,0,0,0,0,  1,271  
09  021  015  1000,0,0,0,0,0,0,  1,271  
09  022  008  1000,0,0,0,0,0,0,  1,264  
09  023  008  1000,0,0,0,0,0,0,  1,264  
09  024  009  1000,0,0,0,0,0,0,  1,265  
09  025  009  1000,0,0,0,0,0,0,  1,265  
09  026  010  1000,0,0,0,0,0,0,  1,266  
09  027  010  1000,0,0,0,0,0,0,  1,266  
09  028  011  1000,0,0,0,0,0,0,  1,267  
09  029  011  1000,0,0,0,0,0,0,  1,267  
09  030  012  1000,0,0,0,0,0,0,  1,268  
09  031  012  1000,0,0,0,0,0,0,  1,268  
09  032  021  1000,0,0,0,0,0,0,  1,277  
09  033  021  1000,0,0,0,0,0,0,  1,277  
09  034  022  1000,0,0,0,0,0,0,  1,278  
09  035  022  1000,0,0,0,0,0,0,  1,278  
09  036  023  1000,0,0,0,0,0,0,  1,279  
09  037  023  1000,0,0,0,0,0,0,  1,279  
09  038  016  1000,0,0,0,0,0,0,  1,272  
09  039  016  1000,0,0,0,0,0,0,  1,272  
09  040  017  1000,0,0,0,0,0,0,  1,273  
09  041  017  1000,0,0,0,0,0,0,  1,273  
09  042  018  1000,0,0,0,0,0,0,  1,274  
09  043  018  1000,0,0,0,0,0,0,  1,274  
09  044  019  1000,0,0,0,0,0,0,  1,275  
09  045  019  1000,0,0,0,0,0,0,  1,275  
09  046  020  1000,0,0,0,0,0,0,  1,276  
09  047  020  1000,0,0,0,0,0,0,  1,276  
09  048  029  1000,0,0,0,0,0,0,  1,285  
09  049  029  1000,0,0,0,0,0,0,  1,285  
09  050  030  1000,0,0,0,0,0,0,  1,286  
09  051  030  1000,0,0,0,0,0,0,  1,286  
09  052  031  1000,0,0,0,0,0,0,  1,287  
09  053  031  1000,0,0,0,0,0,0,  1,287  
09  054  024  1000,0,0,0,0,0,0,  1,280  
09  055  024  1000,0,0,0,0,0,0,  1,280  
09  056  025  1000,0,0,0,0,0,0,  1,281  
09  057  025  1000,0,0,0,0,0,0,  1,281  
09  058  026  1000,0,0,0,0,0,0,  1,282  
09  059  026  1000,0,0,0,0,0,0,  1,282  
09  060  027  1000,0,0,0,0,0,0,  1,283  
09  061  027  1000,0,0,0,0,0,0,  1,283  
09  062  028  1000,0,0,0,0,0,0,  1,284  
09  063  028  1000,0,0,0,0,0,0,  1,284  
09  064  037  1000,0,0,0,0,0,0,  1,293  
09  065  037  1000,0,0,0,0,0,0,  1,293  
09  066  038  1000,0,0,0,0,0,0,  1,294  
09  067  038  1000,0,0,0,0,0,0,  1,294  
09  068  039  1000,0,0,0,0,0,0,  1,295  
09  069  039  1000,0,0,0,0,0,0,  1,295  
09  070  032  1000,0,0,0,0,0,0,  1,288  
09  071  032  1000,0,0,0,0,0,0,  1,288  
09  072  033  1000,0,0,0,0,0,0,  1,289  
09  073  033  1000,0,0,0,0,0,0,  1,289  
09  074  034  1000,0,0,0,0,0,0,  1,290  
09  075  034  1000,0,0,0,0,0,0,  1,290  
09  076  035  1000,0,0,0,0,0,0,  1,291  
09  077  035  1000,0,0,0,0,0,0,  1,291  
09  078  036  1000,0,0,0,0,0,0,  1,292  
09  079  036  1000,0,0,0,0,0,0,  1,292  
09  080  045  1000,0,0,0,0,0,0,  1,301  
09  081  045  1000,0,0,0,0,0,0,  1,301  
09  082  046  1000,0,0,0,0,0,0,  1,302  
09  083  046  1000,0,0,0,0,0,0,  1,302  
09  084  047  1000,0,0,0,0,0,0,  1,303  
09  085  047  1000,0,0,0,0,0,0,  1,303  
09  086  040  1000,0,0,0,0,0,0,  1,296  
09  087  040  1000,0,0,0,0,0,0,  1,296  
09  088  041  1000,0,0,0,0,0,0,  1,297  
09  089  041  1000,0,0,0,0,0,0,  1,297  
09  090  042  1000,0,0,0,0,0,0,  1,298  
09  091  042  1000,0,0,0,0,0,0,  1,298  
09  092  043  1000,0,0,0,0,0,0,  1,299  
09  093  043  1000,0,0,0,0,0,0,  1,299  
09  094  044  1000,0,0,0,0,0,0,  1,300  
09  095  044  1000,0,0,0,0,0,0,  1,300  
09  096  053  1000,0,0,0,0,0,0,  1,309  
09  097  053  1000,0,0,0,0,0,0,  1,309  
09  098  054  1000,0,0,0,0,0,0,  1,310  
09  099  054  1000,0,0,0,0,0,0,  1,310  
09  100  055  1000,0,0,0,0,0,0,  1,311  
09  101  055  1000,0,0,0,0,0,0,  1,311  
09  102  048  1000,0,0,0,0,0,0,  1,304  
09  103  048  1000,0,0,0,0,0,0,  1,304  
09  104  049  1000,0,0,0,0,0,0,  1,305  
09  105  049  1000,0,0,0,0,0,0,  1,305  
09  106  050  1000,0,0,0,0,0,0,  1,306  
09  107  050  1000,0,0,0,0,0,0,  1,306  
09  108  051  1000,0,0,0,0,0,0,  1,307  
09  109  051  1000,0,0,0,0,0,0,  1,307  
09  110  052  1000,0,0,0,0,0,0,  1,308  
09  111  052  1000,0,0,0,0,0,0,  1,308  
09  112  061  1000,0,0,0,0,0,0,  1,317  
09  113  061  1000,0,0,0,0,0,0,  1,317  
09  114  062  1000,0,0,0,0,0,0,  1,318  
09  115  062  1000,0,0,0,0,0,0,  1,318  
09  116  063  1000,0,0,0,0,0,0,  1,319  
09  117  063  1000,0,0,0,0,0,0,  1,319  
09  118  056  1000,0,0,0,0,0,0,  1,312  
09  119  056  1000,0,0,0,0,0,0,  1,312  
09  120  057  1000,0,0,0,0,0,0,  1,313  
09  121  057  1000,0,0,0,0,0,0,  1,313  
09  122  058  1000,0,0,0,0,0,0,  1,314  
09  123  058  1000,0,0,0,0,0,0,  1,314  
09  124  059  1000,0,0,0,0,0,0,  1,315  
09  125  059  1000,0,0,0,0,0,0,  1,315  
09  126  060  1000,0,0,0,0,0,0,  1,316  
09  127  060  1000,0,0,0,0,0,0,  1,316  
10  000  007  1000,0,0,0,0,0,0,  1,455  
10  001  007  1000,0,0,0,0,0,0,  1,455  
10  002  000  1000,0,0,0,0,0,0,  1,448  
10  003  000  1000,0,0,0,0,0,0,  1,448  
10  004  001  1000,0,0,0,0,0,0,  1,449  
10  005  001  1000,0,0,0,0,0,0,  1,449  
10  006  002  1000,0,0,0,0,0,0,  1,450  
10  007  002  1000,0,0,0,0,0,0,  1,450  
10  008  003  1000,0,0,0,0,0,0,  1,451  
10  009  003  1000,0,0,0,0,0,0,  1,451  
10  010  004  1000,0,0,0,0,0,0,  1,452  
10  011  004  1000,0,0,0,0,0,0,  1,452  
10  012  005  1000,0,0,0,0,0,0,  1,453  
10  013  005  1000,0,0,0,0,0,0,  1,453  
10  014  006  1000,0,0,0,0,0,0,  1,454  
10  015  006  1000,0,0,0,0,0,0,  1,454  
10  016  015  1000,0,0,0,0,0,0,  1,463  
10  017  015  1000,0,0,0,0,0,0,  1,463  
10  018  008  1000,0,0,0,0,0,0,  1,456  
10  019  008  1000,0,0,0,0,0,0,  1,456  
10  020  009  1000,0,0,0,0,0,0,  1,457  
10  021  009  1000,0,0,0,0,0,0,  1,457  
10  022  010  1000,0,0,0,0,0,0,  1,458  
10  023  010  1000,0,0,0,0,0,0,  1,458  
10  024  011  1000,0,0,0,0,0,0,  1,459  
10  025  011  1000,0,0,0,0,0,0,  1,459  
10  026  012  1000,0,0,0,0,0,0,  1,460  
10  027  012  1000,0,0,0,0,0,0,  1,460  
10  028  013  1000,0,0,0,0,0,0,  1,461  
10  029  013  1000,0,0,0,0,0,0,  1,461  
10  030  014  1000,0,0,0,0,0,0,  1,462  
10  031  014  1000,0,0,0,0,0,0,  1,462  
10  032  023  1000,0,0,0,0,0,0,  1,471  
10  033  023  1000,0,0,0,0,0,0,  1,471  
10  034  016  1000,0,0,0,0,0,0,  1,464  
10  035  016  1000,0,0,0,0,0,0,  1,464  
10  036  017  1000,0,0,0,0,0,0,  1,465  
10  037  017  1000,0,0,0,0,0,0,  1,465  
10  038  018  1000,0,0,0,0,0,0,  1,466  
10  039  018  1000,0,0,0,0,0,0,  1,466  
10  040  019  1000,0,0,0,0,0,0,  1,467  
10  041  019  1000,0,0,0,0,0,0,  1,467  
10  042  020  1000,0,0,0,0,0,0,  1,468  
10  043  020  1000,0,0,0,0,0,0,  1,468  
10  044  021  1000,0,0,0,0,0,0,  1,469  
10  045  021  1000,0,0,0,0,0,0,  1,469  
10  046  022  1000,0,0,0,0,0,0,  1,470  
10  047  022  1000,0,0,0,0,0,0,  1,470  
10  048  031  1000,0,0,0,0,0,0,  1,479  
10  049  031  1000,0,0,0,0,0,0,  1,479  
10  050  024  1000,0,0,0,0,0,0,  1,472  
10  051  024  1000,0,0,0,0,0,0,  1,472  
10  052  025  1000,0,0,0,0,0,0,  1,473  
10  053  025  1000,0,0,0,0,0,0,  1,473  
10  054  026  1000,0,0,0,0,0,0,  1,474  
10  055  026  1000,0,0,0,0,0,0,  1,474  
10  056  027  1000,0,0,0,0,0,0,  1,475  
10  057  027  1000,0,0,0,0,0,0,  1,475  
10  058  028  1000,0,0,0,0,0,0,  1,476  
10  059  028  1000,0,0,0,0,0,0,  1,476  
10  060  029  1000,0,0,0,0,0,0,  1,477  
10  061  029  1000,0,0,0,0,0,0,  1,477  
10  062  030  1000,0,0,0,0,0,0,  1,478  
10  063  030  1000,0,0,0,0,0,0,  1,478  
10  064  039  1000,0,0,0,0,0,0,  1,487  
10  065  039  1000,0,0,0,0,0,0,  1,487  
10  066  032  1000,0,0,0,0,0,0,  1,480  
10  067  032  1000,0,0,0,0,0,0,  1,480  
10  068  033  1000,0,0,0,0,0,0,  1,481  
10  069  033  1000,0,0,0,0,0,0,  1,481  
10  070  034  1000,0,0,0,0,0,0,  1,482  
10  071  034  1000,0,0,0,0,0,0,  1,482  
10  072  035  1000,0,0,0,0,0,0,  1,483  
10  073  035  1000,0,0,0,0,0,0,  1,483  
10  074  036  1000,0,0,0,0,0,0,  1,484  
10  075  036  1000,0,0,0,0,0,0,  1,484  
10  076  037  1000,0,0,0,0,0,0,  1,485  
10  077  037  1000,0,0,0,0,0,0,  1,485  
10  078  038  1000,0,0,0,0,0,0,  1,486  
10  079  038  1000,0,0,0,0,0,0,  1,486  
10  080  047  1000,0,0,0,0,0,0,  1,495  
10  081  047  1000,0,0,0,0,0,0,  1,495  
10  082  040  1000,0,0,0,0,0,0,  1,488  
10  083  040  1000,0,0,0,0,0,0,  1,488  
10  084  041  1000,0,0,0,0,0,0,  1,489  
10  085  041  1000,0,0,0,0,0,0,  1,489  
10  086  042  1000,0,0,0,0,0,0,  1,490  
10  087  042  1000,0,0,0,0,0,0,  1,490  
10  088  043  1000,0,0,0,0,0,0,  1,491  
10  089  043  1000,0,0,0,0,0,0,  1,491  
10  090  044  1000,0,0,0,0,0,0,  1,492  
10  091  044  1000,0,0,0,0,0,0,  1,492  
10  092  045  1000,0,0,0,0,0,0,  1,493  
10  093  045  1000,0,0,0,0,0,0,  1,493  
10  094  046  1000,0,0,0,0,0,0,  1,494  
10  095  046  1000,0,0,0,0,0,0,  1,494  
10  096  055  1000,0,0,0,0,0,0,  1,503  
10  097  055  1000,0,0,0,0,0,0,  1,503  
10  098  048  1000,0,0,0,0,0,0,  1,496  
10  099  048  1000,0,0,0,0,0,0,  1,496  
10  100  049  1000,0,0,0,0,0,0,  1,497  
10  101  049  1000,0,0,0,0,0,0,  1,497  
10  102  050  1000,0,0,0,0,0,0,  1,498  
10  103  050  1000,0,0,0,0,0,0,  1,498  
10  104  051  1000,0,0,0,0,0,0,  1,499  
10  105  051  1000,0,0,0,0,0,0,  1,499  
10  106  052  1000,0,0,0,0,0,0,  1,500  
10  107  052  1000,0,0,0,0,0,0,  1,500  
10  108  053  1000,0,0,0,0,0,0,  1,501  
10  109  053  1000,0,0,0,0,0,0,  1,501  
10  110  054  1000,0,0,0,0,0,0,  1,502  
10  111  054  1000,0,0,0,0,0,0,  1,502  
10  112  063  1000,0,0,0,0,0,0,  1,511  
10  113  063  1000,0,0,0,0,0,0,  1,511  
10  114  056  1000,0,0,0,0,0,0,  1,504  
10  115  056  1000,0,0,0,0,0,0,  1,504  
10  116  057  1000,0,0,0,0,0,0,  1,505  
10  117  057  1000,0,0,0,0,0,0,  1,505  
10  118  058  1000,0,0,0,0,0,0,  1,506  
10  119  058  1000,0,0,0,0,0,0,  1,506  
10  120  059  1000,0,0,0,0,0,0,  1,507  
10  121  059  1000,0,0,0,0,0,0,  1,507  
10  122  060  1000,0,0,0,0,0,0,  1,508  
10  123  060  1000,0,0,0,0,0,0,  1,508  
10  124  061  1000,0,0,0,0,0,0,  1,509  
10  125  061  1000,0,0,0,0,0,0,  1,509  
10  126  062  1000,0,0,0,0,0,0,  1,510  
10  127  062  1000,0,0,0,0,0,0,  1,510  
11  000  004  1000,0,0,0,0,0,0,  1,644  
11  001  004  1000,0,0,0,0,0,0,  1,644  
11  002  005  1000,0,0,0,0,0,0,  1,645  
11  003  005  1000,0,0,0,0,0,0,  1,645  
11  004  006  1000,0,0,0,0,0,0,  1,646  
11  005  006  1000,0,0,0,0,0,0,  1,646  
11  006  007  1000,0,0,0,0,0,0,  1,647  
11  007  007  1000,0,0,0,0,0,0,  1,647  
11  008  000  1000,0,0,0,0,0,0,  1,640  
11  009  000  1000,0,0,0,0,0,0,  1,640  
11  010  001  1000,0,0,0,0,0,0,  1,641  
11  011  001  1000,0,0,0,0,0,0,  1,641  
11  012  002  1000,0,0,0,0,0,0,  1,642  
11  013  002  1000,0,0,0,0,0,0,  1,642  
11  014  003  1000,0,0,0,0,0,0,  1,643  
11  015  003  1000,0,0,0,0,0,0,  1,643  
11  016  012  1000,0,0,0,0,0,0,  1,652  
11  017  012  1000,0,0,0,0,0,0,  1,652  
11  018  013  1000,0,0,0,0,0,0,  1,653  
11  019  013  1000,0,0,0,0,0,0,  1,653  
11  020  014  1000,0,0,0,0,0,0,  1,654  
11  021  014  1000,0,0,0,0,0,0,  1,654  
11  022  015  1000,0,0,0,0,0,0,  1,655  
11  023  015  1000,0,0,0,0,0,0,  1,655  
11  024  008  1000,0,0,0,0,0,0,  1,648  
11  025  008  1000,0,0,0,0,0,0,  1,648  
11  026  009  1000,0,0,0,0,0,0,  1,649  
11  027  009  1000,0,0,0,0,0,0,  1,649  
11  028  010  1000,0,0,0,0,0,0,  1,650  
11  029  010  1000,0,0,0,0,0,0,  1,650  
11  030  011  1000,0,0,0,0,0,0,  1,651  
11  031  011  1000,0,0,0,0,0,0,  1,651  
11  032  020  1000,0,0,0,0,0,0,  1,660  
11  033  020  1000,0,0,0,0,0,0,  1,660  
11  034  021  1000,0,0,0,0,0,0,  1,661  
11  035  021  1000,0,0,0,0,0,0,  1,661  
11  036  022  1000,0,0,0,0,0,0,  1,662  
11  037  022  1000,0,0,0,0,0,0,  1,662  
11  038  023  1000,0,0,0,0,0,0,  1,663  
11  039  023  1000,0,0,0,0,0,0,  1,663  
11  040  016  1000,0,0,0,0,0,0,  1,656  
11  041  016  1000,0,0,0,0,0,0,  1,656  
11  042  017  1000,0,0,0,0,0,0,  1,657  
11  043  017  1000,0,0,0,0,0,0,  1,657  
11  044  018  1000,0,0,0,0,0,0,  1,658  
11  045  018  1000,0,0,0,0,0,0,  1,658  
11  046  019  1000,0,0,0,0,0,0,  1,659  
11  047  019  1000,0,0,0,0,0,0,  1,659  
11  048  028  1000,0,0,0,0,0,0,  1,668  
11  049  028  1000,0,0,0,0,0,0,  1,668  
11  050  029  1000,0,0,0,0,0,0,  1,669  
11  051  029  1000,0,0,0,0,0,0,  1,669  
11  052  030  1000,0,0,0,0,0,0,  1,670  
11  053  030  1000,0,0,0,0,0,0,  1,670  
11  054  031  1000,0,0,0,0,0,0,  1,671  
11  055  031  1000,0,0,0,0,0,0,  1,671  
11  056  024  1000,0,0,0,0,0,0,  1,664  
11  057  024  1000,0,0,0,0,0,0,  1,664  
11  058  025  1000,0,0,0,0,0,0,  1,665  
11  059  025  1000,0,0,0,0,0,0,  1,665  
11  060  026  1000,0,0,0,0,0,0,  1,666  
11  061  026  1000,0,0,0,0,0,0,  1,666  
11  062  027  1000,0,0,0,0,0,0,  1,667  
11  063  027  1000,0,0,0,0,0,0,  1,667  
11  064  036  1000,0,0,0,0,0,0,  1,676  
11  065  036  1000,0,0,0,0,0,0,  1,676  
11  066  037  1000,0,0,0,0,0,0,  1,677  
11  067  037  1000,0,0,0,0,0,0,  1,677  
11  068  038  1000,0,0,0,0,0,0,  1,678  
11  069  038  1000,0,0,0,0,0,0,  1,678  
11  070  039  1000,0,0,0,0,0,0,  1,679  
11  071  039  1000,0,0,0,0,0,0,  1,679  
11  072  032  1000,0,0,0,0,0,0,  1,672  
11  073  032  1000,0,0,0,0,0,0,  1,672  
11  074  033  1000,0,0,0,0,0,0,  1,673  
11  075  033  1000,0,0,0,0,0,0,  1,673  
11  076  034  1000,0,0,0,0,0,0,  1,674  
11  077  034  1000,0,0,0,0,0,0,  1,674  
11  078  035  1000,0,0,0,0,0,0,  1,675  
11  079  035  1000,0,0,0,0,0,0,  1,675  
11  080  044  1000,0,0,0,0,0,0,  1,684  
11  081  044  1000,0,0,0,0,0,0,  1,684  
11  082  045  1000,0,0,0,0,0,0,  1,685  
11  083  045  1000,0,0,0,0,0,0,  1,685  
11  084  046  1000,0,0,0,0,0,0,  1,686  
11  085  046  1000,0,0,0,0,0,0,  1,686  
11  086  047  1000,0,0,0,0,0,0,  1,687  
11  087  047  1000,0,0,0,0,0,0,  1,687  
11  088  040  1000,0,0,0,0,0,0,  1,680  
11  089  040  1000,0,0,0,0,0,0,  1,680  
11  090  041  1000,0,0,0,0,0,0,  1,681  
11  091  041  1000,0,0,0,0,0,0,  1,681  
11  092  042  1000,0,0,0,0,0,0,  1,682  
11  093  042  1000,0,0,0,0,0,0,  1,682  
11  094  043  1000,0,0,0,0,0,0,  1,683  
11  095  043  1000,0,0,0,0,0,0,  1,683  
11  096  052  1000,0,0,0,0,0,0,  1,692  
11  097  052  1000,0,0,0,0,0,0,  1,692  
11  098  053  1000,0,0,0,0,0,0,  1,693  
11  099  053  1000,0,0,0,0,0,0,  1,693  
11  100  054  1000,0,0,0,0,0,0,  1,694  
11  101  054  1000,0,0,0,0,0,0,  1,694  
11  102  055  1000,0,0,0,0,0,0,  1,695  
11  103  055  1000,0,0,0,0,0,0,  1,695  
11  104  048  1000,0,0,0,0,0,0,  1,688  
11  105  048  1000,0,0,0,0,0,0,  1,688  
11  106  049  1000,0,0,0,0,0,0,  1,689  
11  107  049  1000,0,0,0,0,0,0,  1,689  
11  108  050  1000,0,0,0,0,0,0,  1,690  
11  109  050  1000,0,0,0,0,0,0,  1,690  
11  110  051  1000,0,0,0,0,0,0,  1,691  
11  111  051  1000,0,0,0,0,0,0,  1,691  
11  112  060  1000,0,0,0,0,0,0,  1,700  
11  113  060  1000,0,0,0,0,0,0,  1,700  
11  114  061  1000,0,0,0,0,0,0,  1,701  
11  115  061  1000,0,0,0,0,0,0,  1,701  
11  116  062  1000,0,0,0,0,0,0,  1,702  
11  117  062  1000,0,0,0,0,0,0,  1,702  
11  118  063  1000,0,0,0,0,0,0,  1,703  
11  119  063  1000,0,0,0,0,0,0,  1,703  
11  120  056  1000,0,0,0,0,0,0,  1,696  
11  121  056  1000,0,0,0,0,0,0,  1,696  
11  122  057  1000,0,0,0,0,0,0,  1,697  
11  123  057  1000,0,0,0,0,0,0,  1,697  
11  124  058  1000,0,0,0,0,0,0,  1,698  
11  125  058  1000,0,0,0,0,0,0,  1,698  
11  126  059  1000,0,0,0,0,0,0,  1,699  
11  127  059  1000,0,0,0,0,0,0,  1,699  
16  000  005  1000,0,0,0,0,0,0,  1,133  
16  001  005  1000,0,0,0,0,0,0,  1,133  
16  002  006  1000,0,0,0,0,0,0,  1,134  
16  003  006  1000,0,0,0,0,0,0,  1,134  
16  004  007  1000,0,0,0,0,0,0,  1,135  
16  005  007  1000,0,0,0,0,0,0,  1,135  
16  006  000  1000,0,0,0,0,0,0,  1,128  
16  007  000  1000,0,0,0,0,0,0,  1,128  
16  008  001  1000,0,0,0,0,0,0,  1,129  
16  009  001  1000,0,0,0,0,0,0,  1,129  
16  010  002  1000,0,0,0,0,0,0,  1,130  
16  011  002  1000,0,0,0,0,0,0,  1,130  
16  012  003  1000,0,0,0,0,0,0,  1,131  
16  013  003  1000,0,0,0,0,0,0,  1,131  
16  014  004  1000,0,0,0,0,0,0,  1,132  
16  015  004  1000,0,0,0,0,0,0,  1,132  
16  016  013  1000,0,0,0,0,0,0,  1,141  
16  017  013  1000,0,0,0,0,0,0,  1,141  
16  018  014  1000,0,0,0,0,0,0,  1,142  
16  019  014  1000,0,0,0,0,0,0,  1,142  
16  020  015  1000,0,0,0,0,0,0,  1,143  
16  021  015  1000,0,0,0,0,0,0,  1,143  
16  022  008  1000,0,0,0,0,0,0,  1,136  
16  023  008  1000,0,0,0,0,0,0,  1,136  
16  024  009  1000,0,0,0,0,0,0,  1,137  
16  025  009  1000,0,0,0,0,0,0,  1,137  
16  026  010  1000,0,0,0,0,0,0,  1,138  
16  027  010  1000,0,0,0,0,0,0,  1,138  
16  028  011  1000,0,0,0,0,0,0,  1,139  
16  029  011  1000,0,0,0,0,0,0,  1,139  
16  030  012  1000,0,0,0,0,0,0,  1,140  
16  031  012  1000,0,0,0,0,0,0,  1,140  
16  032  021  1000,0,0,0,0,0,0,  1,149  
16  033  021  1000,0,0,0,0,0,0,  1,149  
16  034  022  1000,0,0,0,0,0,0,  1,150  
16  035  022  1000,0,0,0,0,0,0,  1,150  
16  036  023  1000,0,0,0,0,0,0,  1,151  
16  037  023  1000,0,0,0,0,0,0,  1,151  
16  038  016  1000,0,0,0,0,0,0,  1,144  
16  039  016  1000,0,0,0,0,0,0,  1,144  
16  040  017  1000,0,0,0,0,0,0,  1,145  
16  041  017  1000,0,0,0,0,0,0,  1,145  
16  042  018  1000,0,0,0,0,0,0,  1,146  
16  043  018  1000,0,0,0,0,0,0,  1,146  
16  044  019  1000,0,0,0,0,0,0,  1,147  
16  045  019  1000,0,0,0,0,0,0,  1,147  
16  046  020  1000,0,0,0,0,0,0,  1,148  
16  047  020  1000,0,0,0,0,0,0,  1,148  
16  048  029  1000,0,0,0,0,0,0,  1,157  
16  049  029  1000,0,0,0,0,0,0,  1,157  
16  050  030  1000,0,0,0,0,0,0,  1,158  
16  051  030  1000,0,0,0,0,0,0,  1,158  
16  052  031  1000,0,0,0,0,0,0,  1,159  
16  053  031  1000,0,0,0,0,0,0,  1,159  
16  054  024  1000,0,0,0,0,0,0,  1,152  
16  055  024  1000,0,0,0,0,0,0,  1,152  
16  056  025  1000,0,0,0,0,0,0,  1,153  
16  057  025  1000,0,0,0,0,0,0,  1,153  
16  058  026  1000,0,0,0,0,0,0,  1,154  
16  059  026  1000,0,0,0,0,0,0,  1,154  
16  060  027  1000,0,0,0,0,0,0,  1,155  
16  061  027  1000,0,0,0,0,0,0,  1,155  
16  062  028  1000,0,0,0,0,0,0,  1,156  
16  063  028  1000,0,0,0,0,0,0,  1,156  
16  064  037  1000,0,0,0,0,0,0,  1,165  
16  065  037  1000,0,0,0,0,0,0,  1,165  
16  066  038  1000,0,0,0,0,0,0,  1,166  
16  067  038  1000,0,0,0,0,0,0,  1,166  
16  068  039  1000,0,0,0,0,0,0,  1,167  
16  069  039  1000,0,0,0,0,0,0,  1,167  
16  070  032  1000,0,0,0,0,0,0,  1,160  
16  071  032  1000,0,0,0,0,0,0,  1,160  
16  072  033  1000,0,0,0,0,0,0,  1,161  
16  073  033  1000,0,0,0,0,0,0,  1,161  
16  074  034  1000,0,0,0,0,0,0,  1,162  
16  075  034  1000,0,0,0,0,0,0,  1,162  
16  076  035  1000,0,0,0,0,0,0,  1,163  
16  077  035  1000,0,0,0,0,0,0,  1,163  
16  078  036  1000,0,0,0,0,0,0,  1,164  
16  079  036  1000,0,0,0,0,0,0,  1,164  
16  080  045  1000,0,0,0,0,0,0,  1,173  
16  081  045  1000,0,0,0,0,0,0,  1,173  
16  082  046  1000,0,0,0,0,0,0,  1,174  
16  083  046  1000,0,0,0,0,0,0,  1,174  
16  084  047  1000,0,0,0,0,0,0,  1,175  
16  085  047  1000,0,0,0,0,0,0,  1,175  
16  086  040  1000,0,0,0,0,0,0,  1,168  
16  087  040  1000,0,0,0,0,0,0,  1,168  
16  088  041  1000,0,0,0,0,0,0,  1,169  
16  089  041  1000,0,0,0,0,0,0,  1,169  
16  090  042  1000,0,0,0,0,0,0,  1,170  
16  091  042  1000,0,0,0,0,0,0,  1,170  
16  092  043  1000,0,0,0,0,0,0,  1,171  
16  093  043  1000,0,0,0,0,0,0,  1,171  
16  094  044  1000,0,0,0,0,0,0,  1,172  
16  095  044  1000,0,0,0,0,0,0,  1,172  
16  096  053  1000,0,0,0,0,0,0,  1,181  
16  097  053  1000,0,0,0,0,0,0,  1,181  
16  098  054  1000,0,0,0,0,0,0,  1,182  
16  099  054  1000,0,0,0,0,0,0,  1,182  
16  100  055  1000,0,0,0,0,0,0,  1,183  
16  101  055  1000,0,0,0,0,0,0,  1,183  
16  102  048  1000,0,0,0,0,0,0,  1,176  
16  103  048  1000,0,0,0,0,0,0,  1,176  
16  104  049  1000,0,0,0,0,0,0,  1,177  
16  105  049  1000,0,0,0,0,0,0,  1,177  
16  106  050  1000,0,0,0,0,0,0,  1,178  
16  107  050  1000,0,0,0,0,0,0,  1,178  
16  108  051  1000,0,0,0,0,0,0,  1,179  
16  109  051  1000,0,0,0,0,0,0,  1,179  
16  110  052  1000,0,0,0,0,0,0,  1,180  
16  111  052  1000,0,0,0,0,0,0,  1,180  
16  112  061  1000,0,0,0,0,0,0,  1,189  
16  113  061  1000,0,0,0,0,0,0,  1,189  
16  114  062  1000,0,0,0,0,0,0,  1,190  
16  115  062  1000,0,0,0,0,0,0,  1,190  
16  116  063  1000,0,0,0,0,0,0,  1,191  
16  117  063  1000,0,0,0,0,0,0,  1,191  
16  118  056  1000,0,0,0,0,0,0,  1,184  
16  119  056  1000,0,0,0,0,0,0,  1,184  
16  120  057  1000,0,0,0,0,0,0,  1,185  
16  121  057  1000,0,0,0,0,0,0,  1,185  
16  122  058  1000,0,0,0,0,0,0,  1,186  
16  123  058  1000,0,0,0,0,0,0,  1,186  
16  124  059  1000,0,0,0,0,0,0,  1,187  
16  125  059  1000,0,0,0,0,0,0,  1,187  
16  126  060  1000,0,0,0,0,0,0,  1,188  
16  127  060  1000,0,0,0,0,0,0,  1,188  
17  000  005  1000,0,0,0,0,0,0,  1,325  
17  001  005  1000,0,0,0,0,0,0,  1,325  
17  002  006  1000,0,0,0,0,0,0,  1,326  
17  003  006  1000,0,0,0,0,0,0,  1,326  
17  004  007  1000,0,0,0,0,0,0,  1,327  
17  005  007  1000,0,0,0,0,0,0,  1,327  
17  006  000  1000,0,0,0,0,0,0,  1,320  
17  007  000  1000,0,0,0,0,0,0,  1,320  
17  008  001  1000,0,0,0,0,0,0,  1,321  
17  009  001  1000,0,0,0,0,0,0,  1,321  
17  010  002  1000,0,0,0,0,0,0,  1,322  
17  011  002  1000,0,0,0,0,0,0,  1,322  
17  012  003  1000,0,0,0,0,0,0,  1,323  
17  013  003  1000,0,0,0,0,0,0,  1,323  
17  014  004  1000,0,0,0,0,0,0,  1,324  
17  015  004  1000,0,0,0,0,0,0,  1,324  
17  016  013  1000,0,0,0,0,0,0,  1,333  
17  017  013  1000,0,0,0,0,0,0,  1,333  
17  018  014  1000,0,0,0,0,0,0,  1,334  
17  019  014  1000,0,0,0,0,0,0,  1,334  
17  020  015  1000,0,0,0,0,0,0,  1,335  
17  021  015  1000,0,0,0,0,0,0,  1,335  
17  022  008  1000,0,0,0,0,0,0,  1,328  
17  023  008  1000,0,0,0,0,0,0,  1,328  
17  024  009  1000,0,0,0,0,0,0,  1,329  
17  025  009  1000,0,0,0,0,0,0,  1,329  
17  026  010  1000,0,0,0,0,0,0,  1,330  
17  027  010  1000,0,0,0,0,0,0,  1,330  
17  028  011  1000,0,0,0,0,0,0,  1,331  
17  029  011  1000,0,0,0,0,0,0,  1,331  
17  030  012  1000,0,0,0,0,0,0,  1,332  
17  031  012  1000,0,0,0,0,0,0,  1,332  
17  032  021  1000,0,0,0,0,0,0,  1,341  
17  033  021  1000,0,0,0,0,0,0,  1,341  
17  034  022  1000,0,0,0,0,0,0,  1,342  
17  035  022  1000,0,0,0,0,0,0,  1,342  
17  036  023  1000,0,0,0,0,0,0,  1,343  
17  037  023  1000,0,0,0,0,0,0,  1,343  
17  038  016  1000,0,0,0,0,0,0,  1,336  
17  039  016  1000,0,0,0,0,0,0,  1,336  
17  040  017  1000,0,0,0,0,0,0,  1,337  
17  041  017  1000,0,0,0,0,0,0,  1,337  
17  042  018  1000,0,0,0,0,0,0,  1,338  
17  043  018  1000,0,0,0,0,0,0,  1,338  
17  044  019  1000,0,0,0,0,0,0,  1,339  
17  045  019  1000,0,0,0,0,0,0,  1,339  
17  046  020  1000,0,0,0,0,0,0,  1,340  
17  047  020  1000,0,0,0,0,0,0,  1,340  
17  048  029  1000,0,0,0,0,0,0,  1,349  
17  049  029  1000,0,0,0,0,0,0,  1,349  
17  050  030  1000,0,0,0,0,0,0,  1,350  
17  051  030  1000,0,0,0,0,0,0,  1,350  
17  052  031  1000,0,0,0,0,0,0,  1,351  
17  053  031  1000,0,0,0,0,0,0,  1,351  
17  054  024  1000,0,0,0,0,0,0,  1,344  
17  055  024  1000,0,0,0,0,0,0,  1,344  
17  056  025  1000,0,0,0,0,0,0,  1,345  
17  057  025  1000,0,0,0,0,0,0,  1,345  
17  058  026  1000,0,0,0,0,0,0,  1,346  
17  059  026  1000,0,0,0,0,0,0,  1,346  
17  060  027  1000,0,0,0,0,0,0,  1,347  
17  061  027  1000,0,0,0,0,0,0,  1,347  
17  062  028  1000,0,0,0,0,0,0,  1,348  
17  063  028  1000,0,0,0,0,0,0,  1,348  
17  064  037  1000,0,0,0,0,0,0,  1,357  
17  065  037  1000,0,0,0,0,0,0,  1,357  
17  066  038  1000,0,0,0,0,0,0,  1,358  
17  067  038  1000,0,0,0,0,0,0,  1,358  
17  068  039  1000,0,0,0,0,0,0,  1,359  
17  069  039  1000,0,0,0,0,0,0,  1,359  
17  070  032  1000,0,0,0,0,0,0,  1,352  
17  071  032  1000,0,0,0,0,0,0,  1,352  
17  072  033  1000,0,0,0,0,0,0,  1,353  
17  073  033  1000,0,0,0,0,0,0,  1,353  
17  074  034  1000,0,0,0,0,0,0,  1,354  
17  075  034  1000,0,0,0,0,0,0,  1,354  
17  076  035  1000,0,0,0,0,0,0,  1,355  
17  077  035  1000,0,0,0,0,0,0,  1,355  
17  078  036  1000,0,0,0,0,0,0,  1,356  
17  079  036  1000,0,0,0,0,0,0,  1,356  
17  080  045  1000,0,0,0,0,0,0,  1,365  
17  081  045  1000,0,0,0,0,0,0,  1,365  
17  082  046  1000,0,0,0,0,0,0,  1,366  
17  083  046  1000,0,0,0,0,0,0,  1,366  
17  084  047  1000,0,0,0,0,0,0,  1,367  
17  085  047  1000,0,0,0,0,0,0,  1,367  
17  086  040  1000,0,0,0,0,0,0,  1,360  
17  087  040  1000,0,0,0,0,0,0,  1,360  
17  088  041  1000,0,0,0,0,0,0,  1,361  
17  089  041  1000,0,0,0,0,0,0,  1,361  
17  090  042  1000,0,0,0,0,0,0,  1,362  
17  091  042  1000,0,0,0,0,0,0,  1,362  
17  092  043  1000,0,0,0,0,0,0,  1,363  
17  093  043  1000,0,0,0,0,0,0,  1,363  
17  094  044  1000,0,0,0,0,0,0,  1,364  
17  095  044  1000,0,0,0,0,0,0,  1,364  
17  096  053  1000,0,0,0,0,0,0,  1,373  
17  097  053  1000,0,0,0,0,0,0,  1,373  
17  098  054  1000,0,0,0,0,0,0,  1,374  
17  099  054  1000,0,0,0,0,0,0,  1,374  
17  100  055  1000,0,0,0,0,0,0,  1,375  
17  101  055  1000,0,0,0,0,0,0,  1,375  
17  102  048  1000,0,0,0,0,0,0,  1,368  
17  103  048  1000,0,0,0,0,0,0,  1,368  
17  104  049  1000,0,0,0,0,0,0,  1,369  
17  105  049  1000,0,0,0,0,0,0,  1,369  
17  106  050  1000,0,0,0,0,0,0,  1,370  
17  107  050  1000,0,0,0,0,0,0,  1,370  
17  108  051  1000,0,0,0,0,0,0,  1,371  
17  109  051  1000,0,0,0,0,0,0,  1,371  
17  110  052  1000,0,0,0,0,0,0,  1,372  
17  111  052  1000,0,0,0,0,0,0,  1,372  
17  112  061  1000,0,0,0,0,0,0,  1,381  
17  113  061  1000,0,0,0,0,0,0,  1,381  
17  114  062  1000,0,0,0,0,0,0,  1,382  
17  115  062  1000,0,0,0,0,0,0,  1,382  
17  116  063  1000,0,0,0,0,0,0,  1,383  
17  117  063  1000,0,0,0,0,0,0,  1,383  
17  118  056  1000,0,0,0,0,0,0,  1,376  
17  119  056  1000,0,0,0,0,0,0,  1,376  
17  120  057  1000,0,0,0,0,0,0,  1,377  
17  121  057  1000,0,0,0,0,0,0,  1,377  
17  122  058  1000,0,0,0,0,0,0,  1,378  
17  123  058  1000,0,0,0,0,0,0,  1,378  
17  124  059  1000,0,0,0,0,0,0,  1,379  
17  125  059  1000,0,0,0,0,0,0,  1,379  
17  126  060  1000,0,0,0,0,0,0,  1,380  
17  127  060  1000,0,0,0,0,0,0,  1,380  
18  000  004  1000,0,0,0,0,0,0,  1,516  
18  001  004  1000,0,0,0,0,0,0,  1,516  
18  002  005  1000,0,0,0,0,0,0,  1,517  
18  003  005  1000,0,0,0,0,0,0,  1,517  
18  004  006  1000,0,0,0,0,0,0,  1,518  
18  005  006  1000,0,0,0,0,0,0,  1,518  
18  006  007  1000,0,0,0,0,0,0,  1,519  
18  007  007  1000,0,0,0,0,0,0,  1,519  
18  008  000  1000,0,0,0,0,0,0,  1,512  
18  009  000  1000,0,0,0,0,0,0,  1,512  
18  010  001  1000,0,0,0,0,0,0,  1,513  
18  011  001  1000,0,0,0,0,0,0,  1,513  
18  012  002  1000,0,0,0,0,0,0,  1,514  
18  013  002  1000,0,0,0,0,0,0,  1,514  
18  014  003  1000,0,0,0,0,0,0,  1,515  
18  015  003  1000,0,0,0,0,0,0,  1,515  
18  016  012  1000,0,0,0,0,0,0,  1,524  
18  017  012  1000,0,0,0,0,0,0,  1,524  
18  018  013  1000,0,0,0,0,0,0,  1,525  
18  019  013  1000,0,0,0,0,0,0,  1,525  
18  020  014  1000,0,0,0,0,0,0,  1,526  
18  021  014  1000,0,0,0,0,0,0,  1,526  
18  022  015  1000,0,0,0,0,0,0,  1,527  
18  023  015  1000,0,0,0,0,0,0,  1,527  
18  024  008  1000,0,0,0,0,0,0,  1,520  
18  025  008  1000,0,0,0,0,0,0,  1,520  
18  026  009  1000,0,0,0,0,0,0,  1,521  
18  027  009  1000,0,0,0,0,0,0,  1,521  
18  028  010  1000,0,0,0,0,0,0,  1,522  
18  029  010  1000,0,0,0,0,0,0,  1,522  
18  030  011  1000,0,0,0,0,0,0,  1,523  
18  031  011  1000,0,0,0,0,0,0,  1,523  
18  032  020  1000,0,0,0,0,0,0,  1,532  
18  033  020  1000,0,0,0,0,0,0,  1,532  
18  034  021  1000,0,0,0,0,0,0,  1,533  
18  035  021  1000,0,0,0,0,0,0,  1,533  
18  036  022  1000,0,0,0,0,0,0,  1,534  
18  037  022  1000,0,0,0,0,0,0,  1,534  
18  038  023  1000,0,0,0,0,0,0,  1,535  
18  039  023  1000,0,0,0,0,0,0,  1,535  
18  040  016  1000,0,0,0,0,0,0,  1,528  
18  041  016  1000,0,0,0,0,0,0,  1,528  
18  042  017  1000,0,0,0,0,0,0,  1,529  
18  043  017  1000,0,0,0,0,0,0,  1,529  
18  044  018  1000,0,0,0,0,0,0,  1,530  
18  045  018  1000,0,0,0,0,0,0,  1,530  
18  046  019  1000,0,0,0,0,0,0,  1,531  
18  047  019  1000,0,0,0,0,0,0,  1,531  
18  048  028  1000,0,0,0,0,0,0,  1,540  
18  049  028  1000,0,0,0,0,0,0,  1,540  
18  050  029  1000,0,0,0,0,0,0,  1,541  
18  051  029  1000,0,0,0,0,0,0,  1,541  
18  052  030  1000,0,0,0,0,0,0,  1,542  
18  053  030  1000,0,0,0,0,0,0,  1,542  
18  054  031  1000,0,0,0,0,0,0,  1,543  
18  055  031  1000,0,0,0,0,0,0,  1,543  
18  056  024  1000,0,0,0,0,0,0,  1,536  
18  057  024  1000,0,0,0,0,0,0,  1,536  
18  058  025  1000,0,0,0,0,0,0,  1,537  
18  059  025  1000,0,0,0,0,0,0,  1,537  
18  060  026  1000,0,0,0,0,0,0,  1,538  
18  061  026  1000,0,0,0,0,0,0,  1,538  
18  062  027  1000,0,0,0,0,0,0,  1,539  
18  063  027  1000,0,0,0,0,0,0,  1,539  
18  064  036  1000,0,0,0,0,0,0,  1,548  
18  065  036  1000,0,0,0,0,0,0,  1,548  
18  066  037  1000,0,0,0,0,0,0,  1,549  
18  067  037  1000,0,0,0,0,0,0,  1,549  
18  068  038  1000,0,0,0,0,0,0,  1,550  
18  069  038  1000,0,0,0,0,0,0,  1,550  
18  070  039  1000,0,0,0,0,0,0,  1,551  
18  071  039  1000,0,0,0,0,0,0,  1,551  
18  072  032  1000,0,0,0,0,0,0,  1,544  
18  073  032  1000,0,0,0,0,0,0,  1,544  
18  074  033  1000,0,0,0,0,0,0,  1,545  
18  075  033  1000,0,0,0,0,0,0,  1,545  
18  076  034  1000,0,0,0,0,0,0,  1,546  
18  077  034  1000,0,0,0,0,0,0,  1,546  
18  078  035  1000,0,0,0,0,0,0,  1,547  
18  079  035  1000,0,0,0,0,0,0,  1,547  
18  080  044  1000,0,0,0,0,0,0,  1,556  
18  081  044  1000,0,0,0,0,0,0,  1,556  
18  082  045  1000,0,0,0,0,0,0,  1,557  
18  083  045  1000,0,0,0,0,0,0,  1,557  
18  084  046  1000,0,0,0,0,0,0,  1,558  
18  085  046  1000,0,0,0,0,0,0,  1,558  
18  086  047  1000,0,0,0,0,0,0,  1,559  
18  087  047  1000,0,0,0,0,0,0,  1,559  
18  088  040  1000,0,0,0,0,0,0,  1,552  
18  089  040  1000,0,0,0,0,0,0,  1,552  
18  090  041  1000,0,0,0,0,0,0,  1,553  
18  091  041  1000,0,0,0,0,0,0,  1,553  
18  092  042  1000,0,0,0,0,0,0,  1,554  
18  093  042  1000,0,0,0,0,0,0,  1,554  
18  094  043  1000,0,0,0,0,0,0,  1,555  
18  095  043  1000,0,0,0,0,0,0,  1,555  
18  096  052  1000,0,0,0,0,0,0,  1,564  
18  097  052  1000,0,0,0,0,0,0,  1,564  
18  098  053  1000,0,0,0,0,0,0,  1,565  
18  099  053  1000,0,0,0,0,0,0,  1,565  
18  100  054  1000,0,0,0,0,0,0,  1,566  
18  101  054  1000,0,0,0,0,0,0,  1,566  
18  102  055  1000,0,0,0,0,0,0,  1,567  
18  103  055  1000,0,0,0,0,0,0,  1,567  
18  104  048  1000,0,0,0,0,0,0,  1,560  
18  105  048  1000,0,0,0,0,0,0,  1,560  
18  106  049  1000,0,0,0,0,0,0,  1,561  
18  107  049  1000,0,0,0,0,0,0,  1,561  
18  108  050  1000,0,0,0,0,0,0,  1,562  
18  109  050  1000,0,0,0,0,0,0,  1,562  
18  110  051  1000,0,0,0,0,0,0,  1,563  
18  111  051  1000,0,0,0,0,0,0,  1,563  
18  112  060  1000,0,0,0,0,0,0,  1,572  
18  113  060  1000,0,0,0,0,0,0,  1,572  
18  114  061  1000,0,0,0,0,0,0,  1,573  
18  115  061  1000,0,0,0,0,0,0,  1,573  
18  116  062  1000,0,0,0,0,0,0,  1,574  
18  117  062  1000,0,0,0,0,0,0,  1,574  
18  118  063  1000,0,0,0,0,0,0,  1,575  
18  119  063  1000,0,0,0,0,0,0,  1,575  
18  120  056  1000,0,0,0,0,0,0,  1,568  
18  121  056  1000,0,0,0,0,0,0,  1,568  
18  122  057  1000,0,0,0,0,0,0,  1,569  
18  123  057  1000,0,0,0,0,0,0,  1,569  
18  124  058  1000,0,0,0,0,0,0,  1,570  
18  125  058  1000,0,0,0,0,0,0,  1,570  
18  126  059  1000,0,0,0,0,0,0,  1,571  
18  127  059  1000,0,0,0,0,0,0,  1,571  
19  000  004  1000,0,0,0,0,0,0,  1,708  
19  001  004  1000,0,0,0,0,0,0,  1,708  
19  002  005  1000,0,0,0,0,0,0,  1,709  
19  003  005  1000,0,0,0,0,0,0,  1,709  
19  004  006  1000,0,0,0,0,0,0,  1,710  
19  005  006  1000,0,0,0,0,0,0,  1,710  
19  006  007  1000,0,0,0,0,0,0,  1,711  
19  007  007  1000,0,0,0,0,0,0,  1,711  
19  008  000  1000,0,0,0,0,0,0,  1,704  
19  009  000  1000,0,0,0,0,0,0,  1,704  
19  010  001  1000,0,0,0,0,0,0,  1,705  
19  011  001  1000,0,0,0,0,0,0,  1,705  
19  012  002  1000,0,0,0,0,0,0,  1,706  
19  013  002  1000,0,0,0,0,0,0,  1,706  
19  014  003  1000,0,0,0,0,0,0,  1,707  
19  015  003  1000,0,0,0,0,0,0,  1,707  
19  016  012  1000,0,0,0,0,0,0,  1,716  
19  017  012  1000,0,0,0,0,0,0,  1,716  
19  018  013  1000,0,0,0,0,0,0,  1,717  
19  019  013  1000,0,0,0,0,0,0,  1,717  
19  020  014  1000,0,0,0,0,0,0,  1,718  
19  021  014  1000,0,0,0,0,0,0,  1,718  
19  022  015  1000,0,0,0,0,0,0,  1,719  
19  023  015  1000,0,0,0,0,0,0,  1,719  
19  024  008  1000,0,0,0,0,0,0,  1,712  
19  025  008  1000,0,0,0,0,0,0,  1,712  
19  026  009  1000,0,0,0,0,0,0,  1,713  
19  027  009  1000,0,0,0,0,0,0,  1,713  
19  028  010  1000,0,0,0,0,0,0,  1,714  
19  029  010  1000,0,0,0,0,0,0,  1,714  
19  030  011  1000,0,0,0,0,0,0,  1,715  
19  031  011  1000,0,0,0,0,0,0,  1,715  
19  032  020  1000,0,0,0,0,0,0,  1,724  
19  033  020  1000,0,0,0,0,0,0,  1,724  
19  034  021  1000,0,0,0,0,0,0,  1,725  
19  035  021  1000,0,0,0,0,0,0,  1,725  
19  036  022  1000,0,0,0,0,0,0,  1,726  
19  037  022  1000,0,0,0,0,0,0,  1,726  
19  038  023  1000,0,0,0,0,0,0,  1,727  
19  039  023  1000,0,0,0,0,0,0,  1,727  
19  040  016  1000,0,0,0,0,0,0,  1,720  
19  041  016  1000,0,0,0,0,0,0,  1,720  
19  042  017  1000,0,0,0,0,0,0,  1,721  
19  043  017  1000,0,0,0,0,0,0,  1,721  
19  044  018  1000,0,0,0,0,0,0,  1,722  
19  045  018  1000,0,0,0,0,0,0,  1,722  
19  046  019  1000,0,0,0,0,0,0,  1,723  
19  047  019  1000,0,0,0,0,0,0,  1,723  
19  048  028  1000,0,0,0,0,0,0,  1,732  
19  049  028  1000,0,0,0,0,0,0,  1,732  
19  050  029  1000,0,0,0,0,0,0,  1,733  
19  051  029  1000,0,0,0,0,0,0,  1,733  
19  052  030  1000,0,0,0,0,0,0,  1,734  
19  053  030  1000,0,0,0,0,0,0,  1,734  
19  054  031  1000,0,0,0,0,0,0,  1,735  
19  055  031  1000,0,0,0,0,0,0,  1,735  
19  056  024  1000,0,0,0,0,0,0,  1,728  
19  057  024  1000,0,0,0,0,0,0,  1,728  
19  058  025  1000,0,0,0,0,0,0,  1,729  
19  059  025  1000,0,0,0,0,0,0,  1,729  
19  060  026  1000,0,0,0,0,0,0,  1,730  
19  061  026  1000,0,0,0,0,0,0,  1,730  
19  062  027  1000,0,0,0,0,0,0,  1,731  
19  063  027  1000,0,0,0,0,0,0,  1,731  
19  064  036  1000,0,0,0,0,0,0,  1,740  
19  065  036  1000,0,0,0,0,0,0,  1,740  
19  066  037  1000,0,0,0,0,0,0,  1,741  
19  067  037  1000,0,0,0,0,0,0,  1,741  
19  068  038  1000,0,0,0,0,0,0,  1,742  
19  069  038  1000,0,0,0,0,0,0,  1,742  
19  070  039  1000,0,0,0,0,0,0,  1,743  
19  071  039  1000,0,0,0,0,0,0,  1,743  
19  072  032  1000,0,0,0,0,0,0,  1,736  
19  073  032  1000,0,0,0,0,0,0,  1,736  
19  074  033  1000,0,0,0,0,0,0,  1,737  
19  075  033  1000,0,0,0,0,0,0,  1,737  
19  076  034  1000,0,0,0,0,0,0,  1,738  
19  077  034  1000,0,0,0,0,0,0,  1,738  
19  078  035  1000,0,0,0,0,0,0,  1,739  
19  079  035  1000,0,0,0,0,0,0,  1,739  
19  080  044  1000,0,0,0,0,0,0,  1,748  
19  081  044  1000,0,0,0,0,0,0,  1,748  
19  082  045  1000,0,0,0,0,0,0,  1,749  
19  083  045  1000,0,0,0,0,0,0,  1,749  
19  084  046  1000,0,0,0,0,0,0,  1,750  
19  085  046  1000,0,0,0,0,0,0,  1,750  
19  086  047  1000,0,0,0,0,0,0,  1,751  
19  087  047  1000,0,0,0,0,0,0,  1,751  
19  088  040  1000,0,0,0,0,0,0,  1,744  
19  089  040  1000,0,0,0,0,0,0,  1,744  
19  090  041  1000,0,0,0,0,0,0,  1,745  
19  091  041  1000,0,0,0,0,0,0,  1,745  
19  092  042  1000,0,0,0,0,0,0,  1,746  
19  093  042  1000,0,0,0,0,0,0,  1,746  
19  094  043  1000,0,0,0,0,0,0,  1,747  
19  095  043  1000,0,0,0,0,0,0,  1,747  
19  096  052  1000,0,0,0,0,0,0,  1,756  
19  097  052  1000,0,0,0,0,0,0,  1,756  
19  098  053  1000,0,0,0,0,0,0,  1,757  
19  099  053  1000,0,0,0,0,0,0,  1,757  
19  100  054  1000,0,0,0,0,0,0,  1,758  
19  101  054  1000,0,0,0,0,0,0,  1,758  
19  102  055  1000,0,0,0,0,0,0,  1,759  
19  103  055  1000,0,0,0,0,0,0,  1,759  
19  104  048  1000,0,0,0,0,0,0,  1,752  
19  105  048  1000,0,0,0,0,0,0,  1,752  
19  106  049  1000,0,0,0,0,0,0,  1,753  
19  107  049  1000,0,0,0,0,0,0,  1,753  
19  108  050  1000,0,0,0,0,0,0,  1,754  
19  109  050  1000,0,0,0,0,0,0,  1,754  
19  110  051  1000,0,0,0,0,0,0,  1,755  
19  111  051  1000,0,0,0,0,0,0,  1,755  
19  112  060  1000,0,0,0,0,0,0,  1,764  
19  113  060  1000,0,0,0,0,0,0,  1,764  
19  114  061  1000,0,0,0,0,0,0,  1,765  
19  115  061  1000,0,0,0,0,0,0,  1,765  
19  116  062  1000,0,0,0,0,0,0,  1,766  
19  117  062  1000,0,0,0,0,0,0,  1,766  
19  118  063  1000,0,0,0,0,0,0,  1,767  
19  119  063  1000,0,0,0,0,0,0,  1,767  
19  120  056  1000,0,0,0,0,0,0,  1,760  
19  121  056  1000,0,0,0,0,0,0,  1,760  
19  122  057  1000,0,0,0,0,0,0,  1,761  
19  123  057  1000,0,0,0,0,0,0,  1,761  
19  124  058  1000,0,0,0,0,0,0,  1,762  
19  125  058  1000,0,0,0,0,0,0,  1,762  
19  126  059  1000,0,0,0,0,0,0,  1,763  
19  127  059  1000,0,0,0,0,0,0,  1,763  
