VFAT    Elink    Bitslip
0    0    7
0    1    7
0    2    7
0    3    7
0    4    7
0    5    7
0    6    7
0    7    7
1    0    7
1    1    7
1    2    7
1    3    7
1    4    7
1    5    7
1    6    7
1    7    7
2    0    7
2    1    7
2    2    7
2    3    7
2    4    7
2    5    7
2    6    7
2    7    7
3    0    7
3    1    7
3    2    7
3    3    7
3    4    7
3    5    7
3    6    7
3    7    7
8    0    7
8    1    7
8    2    7
8    3    7
8    4    7
8    5    7
8    6    7
8    7    7
9    0    4
9    1    4
9    2    4
9    3    4
9    4    4
9    5    4
9    6    4
9    7    4
10    0    7
10    1    7
10    2    7
10    3    7
10    4    7
10    5    7
10    6    7
10    7    7
11    0    4
11    1    4
11    2    4
11    3    4
11    4    4
11    5    4
11    6    4
11    7    4
16    0    5
16    1    5
16    2    5
16    3    5
16    4    5
16    5    5
16    6    5
16    7    5
17    0    5
17    1    5
17    2    5
17    3    5
17    4    5
17    5    5
17    6    5
17    7    5
18    0    4
18    1    4
18    2    4
18    3    4
18    4    4
18    5    4
18    6    4
18    7    4
19    0    4
19    1    4
19    2    4
19    3    4
19    4    4
19    5    4
19    6    4
19    7    4
